6135
0	387	0
573	720	388
1429	1533	536
2250	2351	641
2442	2513	743
2706	2780	815
3744	3803	890
4130	4202	950
8572	8618	1023
9085	9134	1070
0	387	0
573	720	388
1420	1524	536
2241	2342	641
2433	2504	743
2699	2773	815
3737	3796	890
4123	4195	950
8569	8615	1023
9068	9117	1070
0	303	0
489	635	304
1319	1426	451
2157	2217	559
2329	2388	620
2582	2618	680
0	278	0
50904	51139	279
0	713	0
749	1101	714
0	59	0
2706	4542	60
0	1287	0
5665	5706	1288
0	532	0
1622	3032	533
0	164	0
934	1048	165
1135	1251	280
1732	1802	397
1889	2034	468
2811	2876	614
3164	3707	680
0	75	0
553	711	76
4175	4320	235
5552	5665	381
6467	6598	495
8083	8190	627
8853	9001	735
10772	10916	884
11079	11280	1029
12313	12346	1231
12362	12396	1265
12514	12641	1300
14914	15078	1428
15867	16083	1593
17027	17463	1810
20055	20204	2247
0	103	0
237	307	104
1115	1228	175
1762	1815	289
2621	2665	343
5089	5213	388
5648	5777	513
6224	6358	643
7090	7337	778
0	10	0
995	1091	11
1741	1827	108
3569	3652	195
3808	3981	279
5852	6001	453
6412	6460	603
6602	6723	652
8863	9048	774
0	156	0
343	456	157
2346	2485	271
2851	3014	411
4821	4956	575
7339	7420	711
8846	9012	793
10094	10154	960
16604	16722	1021
16803	16959	1140
17159	17223	1297
18141	18211	1362
19331	19707	1433
0	42	0
1849	1984	43
4367	4448	179
5874	6040	261
7122	7182	428
13632	13750	489
13831	13987	608
14187	14251	765
15169	15239	830
16359	16735	901
0	54	0
1480	1646	55
2728	2788	222
9238	9356	283
9437	9593	402
9793	9857	559
10775	10845	624
11965	12340	695
0	211	0
242	604	212
0	1552	0
2393	2524	1553
2831	3028	1685
5318	5438	1883
6705	6895	2004
7852	8040	2195
8668	8816	2384
11951	12136	2533
14099	14208	2719
15695	15855	2829
16606	16742	2990
17374	17482	3127
18467	18607	3236
0	86	0
772	838	87
1583	1768	154
3187	3327	340
4274	4470	481
5501	5673	678
6877	7052	851
8599	8803	1027
15024	15297	1232
0	700	0
928	994	701
1070	1404	768
0	142	0
915	1016	143
1574	1696	245
2141	4026	368
0	342	0
4662	4815	343
0	167	0
3353	3470	168
3841	3991	286
4117	4276	437
4367	4594	597
5085	5351	825
5540	5659	1092
5945	6079	1212
6628	7768	1347
0	136	0
3322	3439	137
3810	3960	255
4086	4104	406
4106	4111	425
4113	4115	431
4117	4245	434
4336	4563	563
5054	5320	791
5509	5628	1058
5914	6048	1178
6597	7609	1313
0	247	0
832	963	248
1183	1266	380
1371	1437	464
1516	1938	531
0	835	0
1217	1392	836
1533	1639	1012
1771	1896	1119
2213	2322	1245
2504	2566	1355
0	35	0
248	454	36
655	792	243
956	1058	381
1310	1402	484
1702	1805	577
2091	2225	681
2548	2689	816
2882	3060	958
3163	3280	1137
3484	3616	1255
4540	4663	1388
4925	5072	1512
5331	5446	1660
5527	5701	1776
5932	5992	1951
6380	6491	2012
6843	6948	2124
7100	7313	2230
7923	8248	2444
8624	8726	2770
9073	9291	2873
10474	10764	3092
10949	11069	3383
11372	11556	3504
11998	12180	3689
12532	12728	3872
12993	13205	4069
13480	13660	4282
13890	14054	4463
14843	15047	4628
15353	15503	4833
15857	16047	4984
16691	16805	5175
17472	17574	5290
17661	17834	5393
18219	18315	5567
18607	18774	5664
19057	19185	5832
19415	19574	5961
19769	20100	6121
20748	20966	6453
21720	21821	6672
22028	22155	6774
22315	22672	6902
0	35	0
248	454	36
655	792	243
956	1058	381
1310	1402	484
1702	1805	577
2091	2225	681
2548	2689	816
2882	3060	958
3163	3280	1137
3484	3616	1255
4540	4663	1388
4925	5072	1512
5331	5446	1660
5527	5701	1776
5932	5992	1951
6380	6491	2012
6843	6948	2124
7100	7313	2230
7923	8248	2444
8624	8726	2770
9073	9291	2873
10474	10764	3092
10949	11069	3383
11372	11556	3504
11998	12180	3689
12532	12728	3872
12993	13205	4069
13480	13660	4282
13890	14054	4463
14843	15047	4628
15353	15503	4833
15857	16047	4984
16691	16805	5175
17472	17574	5290
17661	17834	5393
18219	18315	5567
18607	18774	5664
19057	19185	5832
19415	19574	5961
19769	20100	6121
20748	20966	6453
21720	21821	6672
22028	22155	6774
22315	22481	6902
22902	23013	7069
0	1043	0
0	251	0
431	595	252
718	848	417
1010	1121	548
2296	2484	660
2487	2804	849
0	4728	0
5347	5443	4729
5625	5704	4826
5810	5894	4906
6302	6368	4991
6452	6628	5058
6901	7008	5235
10254	10397	5343
18369	18494	5487
0	1031	0
0	155	0
719	744	156
983	1084	182
1437	1547	284
2080	2150	395
2522	2661	466
2899	3003	606
0	25	0
131	232	26
659	772	128
976	1046	242
1184	1323	313
2059	2193	453
0	202	0
629	742	203
946	1016	317
1154	1293	388
2029	2124	528
0	97	0
753	854	98
1007	1120	200
1231	1307	314
1439	1578	391
2092	2190	531
0	135	0
358	383	136
537	638	162
791	904	264
1015	1091	378
1223	1362	455
1876	2030	595
0	220	0
381	482	221
594	701	323
964	1034	431
1599	1738	502
2299	2430	642
0	268	0
2861	3018	269
3618	3792	427
4750	4898	602
6238	6724	751
9002	9149	1238
10082	10294	1386
10940	12874	1599
0	218	0
767	915	219
2467	2644	368
3414	3773	546
4482	4556	906
5343	5417	981
7549	7710	1056
14243	14341	1218
14719	14797	1317
15226	15446	1396
15852	16065	1617
0	112	0
290	341	113
1157	1317	165
1935	2028	326
2596	3180	420
0	295	0
889	1064	296
1150	1264	472
1339	1379	587
0	433	0
1062	1186	434
1420	1607	559
0	430	0
1060	1184	431
1418	1583	556
0	226	0
1178	1619	227
0	782	0
870	956	783
987	1736	870
0	883	0
967	998	884
1246	1736	916
0	1026	0
1102	2354	1027
2520	2986	2280
3047	3257	2747
0	203	0
823	872	204
2656	2827	254
4588	4930	426
5641	5859	769
10798	10960	988
13121	13479	1151
23515	23618	1510
28200	28305	1614
29429	29569	1720
30440	30531	1861
32122	32174	1953
40704	40751	2006
46179	46313	2054
52291	52420	2189
0	126	0
1012	1188	127
1321	1488	304
1569	1647	472
2314	2351	551
2951	3052	589
3313	3426	691
3972	4048	805
4188	4330	882
5107	5269	1025
0	344	0
0	120	0
583	688	121
965	1233	227
0	645	0
1439	1577	646
2063	2116	785
11389	11556	839
12829	12996	1007
17110	17185	1175
0	173	0
1419	1501	174
2859	2967	257
5017	5151	366
6204	6311	501
7017	7076	609
7653	7690	669
8209	8350	707
9650	9703	849
10564	10636	903
10823	10881	976
11821	11990	1035
12603	12708	1205
12801	12924	1311
13141	13235	1435
0	454	0
1066	1200	455
1342	1452	590
1958	2221	701
3245	3475	965
3995	4154	1196
4895	5045	1356
5841	5958	1507
6386	6517	1625
8881	9197	1757
0	116	0
300	417	117
1037	1187	235
1452	1611	386
1911	2144	546
3110	3373	780
3731	3841	1044
4128	4265	1155
4435	4644	1293
0	182	0
257	394	183
1184	1294	321
1483	1755	432
2733	2966	705
3487	3646	939
4475	4625	1099
5364	5481	1250
6315	6440	1368
0	656	0
0	17	0
902	1036	18
1496	1573	153
2067	2164	231
2856	2954	329
3388	3489	428
3869	4075	530
6433	6554	737
8332	8552	859
8930	9037	1080
9636	9750	1188
10389	10535	1303
11102	11220	1450
13767	13861	1569
16974	17166	1664
0	797	0
0	1204	0
2829	2933	1205
0	115	0
2512	3767	116
0	543	0
1276	1535	544
0	1111	0
3615	3725	1112
6325	6470	1223
7206	7315	1369
8213	8374	1479
8535	8692	1641
9450	9598	1799
10092	10204	1948
10516	10634	2061
10726	10890	2180
11027	11154	2345
11447	11582	2473
12640	12723	2609
12819	12963	2693
14317	14491	2838
14945	15066	3013
15541	15641	3135
20485	20661	3236
25625	25759	3413
28179	28442	3548
0	294	0
3233	3421	295
5234	5412	484
6196	6321	663
6530	6649	789
6854	7030	909
8295	8456	1086
0	1513	0
2566	2667	1514
7457	7534	1616
14845	14901	1694
15974	16054	1751
19373	19561	1832
27138	27227	2021
28208	28285	2111
29042	29077	2189
30438	30527	2225
46073	46111	2315
53870	53947	2354
56522	56617	2432
60116	60372	2528
74167	74228	2785
0	1513	0
2566	2667	1514
7457	7534	1616
14845	14901	1694
15974	16054	1751
19373	19561	1832
27138	27227	2021
28208	28285	2111
29042	29077	2189
30438	30527	2225
46073	46111	2315
53870	53947	2354
60116	60372	2432
74167	74210	2689
144519	144572	2733
0	1513	0
2566	2667	1514
14845	14901	1616
15974	16054	1673
19373	19561	1754
27138	27227	1943
28208	28285	2033
29042	29077	2111
30438	30527	2147
46073	46111	2237
53870	53947	2276
60116	60372	2354
74167	74210	2611
144519	144572	2655
0	326	0
974	1054	327
1169	1538	408
0	156	0
330	475	157
0	301	0
434	470	302
0	1092	0
1170	1336	1093
2043	2104	1260
2760	2861	1322
5465	5538	1424
8241	8876	1498
9226	9305	2134
0	1092	0
1170	1336	1093
2043	2104	1260
2760	2861	1322
5465	5538	1424
8241	8876	1498
13199	13298	2134
0	1092	0
1170	1336	1093
2043	2104	1260
2760	2861	1322
5465	5538	1424
8241	8876	1498
20652	20774	2134
30190	30230	2257
34906	35017	2298
42255	42338	2410
43795	43985	2494
47410	47449	2685
47891	48230	2725
48482	48587	3065
49334	49415	3171
51662	51773	3253
0	1090	0
1168	1334	1091
2041	2102	1258
2758	2859	1320
2964	3260	1422
0	383	0
3711	3836	384
13252	13289	510
17965	18076	548
25314	25397	660
26854	27043	744
30469	30508	934
30950	31289	974
31541	31643	1314
32391	32471	1417
0	381	0
3709	3831	382
17963	18074	505
25312	25395	617
26852	27042	701
30467	30506	892
30948	31287	932
31539	31644	1272
32391	32472	1378
34719	34842	1460
0	381	0
3709	3831	382
13247	13287	505
17963	18074	546
25312	25395	658
26852	27042	742
30467	30506	933
30948	31287	973
31539	31644	1313
32391	32472	1419
34719	34909	1501
0	294	0
3622	3752	295
13173	13199	426
17875	17985	453
25224	25306	564
26764	26954	647
30379	30418	838
30860	31199	878
31451	31556	1218
32303	32384	1324
34631	34799	1406
0	169	0
373	458	170
1861	1979	256
2446	4219	375
0	40	0
2401	2535	41
2760	2810	176
3957	4053	227
4542	4677	324
5137	5220	460
5478	5566	544
5876	5931	633
6301	6388	689
6725	6811	777
6994	7123	864
7206	8909	994
0	1067	0
0	526	0
2904	3028	527
3904	3929	652
5313	5543	678
0	52	0
805	940	53
1739	1883	189
1962	2062	334
2450	2517	435
2900	3041	503
3495	3657	645
4374	4528	808
0	46	0
544	673	47
860	948	177
1759	1877	266
1956	2056	385
2444	2511	486
2894	3035	554
3489	3651	696
4368	4522	859
0	46	0
544	678	47
1690	1877	182
1956	2056	370
2444	2511	471
2894	3035	539
3489	3655	681
4345	4370	848
4398	4522	874
0	282	0
461	579	283
665	772	402
911	1033	510
1916	2005	633
2942	3065	723
3667	3725	847
4328	4422	906
5325	5418	1001
5678	5757	1095
6267	6298	1175
0	282	0
461	579	283
665	772	402
911	1033	510
1916	2005	633
2942	3065	723
3667	3725	847
4328	4422	906
5325	5418	1001
5678	5757	1095
6267	6354	1175
6563	6749	1263
6954	7131	1450
7571	7658	1628
0	122	0
205	481	123
0	3410	0
4041	4209	3411
4607	4679	3580
6865	7017	3653
7127	7173	3806
0	3410	0
4041	4209	3411
4607	4679	3580
6865	7017	3653
11488	11561	3806
11783	11952	3880
0	3410	0
4041	4209	3411
4607	4679	3580
6865	7017	3653
11488	11561	3806
19347	19413	3880
0	3410	0
4041	4209	3411
4607	4679	3580
6865	7017	3653
11488	11561	3806
24038	24096	3880
0	3410	0
4041	4209	3411
4607	4679	3580
6865	7017	3653
24038	24096	3806
0	519	0
1150	1318	520
1716	1793	689
3974	4126	767
8597	8670	920
16456	16511	994
0	52	0
968	1077	53
1802	1889	163
2491	2560	251
3677	3751	321
4831	4929	396
5382	5531	495
6521	6589	645
7856	7999	714
8444	8589	858
9358	9406	1004
10115	10234	1053
10483	10582	1173
11289	11392	1273
12812	12905	1377
13888	13997	1471
14397	14507	1581
15193	15287	1692
15969	16071	1787
17821	17853	1890
19439	19610	1923
20103	20239	2095
20566	20721	2232
21302	21454	2388
21801	21893	2541
22184	22294	2634
22684	22791	2745
22977	23743	2853
24220	24310	3620
24760	24834	3711
0	52	0
968	1077	53
1802	1889	163
2491	2560	251
3677	3751	321
4831	4929	396
5382	5531	495
6521	6589	645
7856	7999	714
8444	8589	858
9358	9406	1004
10115	10234	1053
10483	10582	1173
11289	11392	1273
12812	12905	1377
13888	13997	1471
14397	14507	1581
15193	15287	1692
15969	16071	1787
19439	19610	1890
20103	20239	2062
20566	20721	2199
21302	21454	2355
21801	21893	2508
22184	22294	2601
22684	22791	2712
22977	23743	2820
24220	24310	3587
24760	24834	3678
0	219	0
488	636	220
907	988	369
1444	1575	451
5757	5831	583
6606	6693	658
8765	8835	746
9800	9844	817
10628	10767	862
11260	11382	1002
12284	12313	1125
13050	13180	1155
14226	14316	1286
15678	15799	1377
16967	17051	1499
17857	17925	1584
18455	18532	1653
18974	19018	1731
20644	20700	1776
22420	22594	1833
24539	24596	2008
0	216	0
485	633	217
904	985	366
1441	1572	448
2092	2190	580
2712	2807	679
4210	4290	775
5754	5828	856
6603	6690	931
7904	8003	1019
8762	8832	1119
9797	9841	1190
10625	10764	1235
11257	11379	1375
12281	12310	1498
13047	13177	1528
14223	14313	1659
15675	15796	1750
16964	17048	1872
17854	17923	1957
18452	18529	2027
18971	19015	2105
20641	20697	2150
22417	22591	2207
24536	24576	2382
0	125	0
394	542	126
813	894	275
1350	1481	357
2001	2099	489
2621	2716	588
4119	4199	684
5663	5737	765
6512	6599	840
7813	7912	928
8671	8741	1028
9706	9750	1099
10534	10673	1144
11166	11288	1284
12190	12219	1407
12956	13086	1437
14132	14222	1568
15584	15705	1659
16873	16957	1781
17763	17831	1866
18361	18438	1935
18880	18924	2013
20550	20606	2058
22326	22500	2115
23808	23867	2290
0	103	0
390	488	104
977	1058	203
1515	1601	285
2123	2235	372
2324	2409	485
0	101	0
187	260	102
388	486	176
975	1056	275
1513	1599	357
2121	2233	444
2322	2407	557
0	101	0
388	476	102
979	1056	191
1513	1599	269
2121	2233	356
2322	2407	469
0	98	0
184	257	99
972	1053	173
1510	1596	255
2118	2230	342
2319	2404	455
0	121	0
0	128	0
0	85	0
607	719	86
808	893	199
0	207	0
1814	1919	208
2870	2952	314
3059	3208	397
0	112	0
267	326	113
1134	1241	173
4271	4410	281
5121	5301	421
6390	7022	602
0	109	0
264	323	110
1131	1237	170
4267	4407	277
5118	5298	418
6387	7070	599
0	230	0
434	1318	231
1440	1791	1116
2420	2538	1468
0	8	0
689	801	9
1629	1716	122
2466	2560	210
3893	4059	305
4540	4612	472
5354	5419	545
5619	5791	611
7355	7506	784
7546	7678	936
7829	7977	1069
0	153	0
350	486	154
1314	1401	291
2151	2245	379
3578	3744	474
4225	4297	641
5039	5104	714
5304	5476	780
7040	7662	953
0	137	0
334	470	138
2077	2130	275
2143	2229	329
3562	3728	416
4209	4281	583
5023	5088	656
5288	5460	722
7024	7172	895
7215	7414	1044
7490	7646	1244
0	86	0
836	930	87
2263	2429	182
2910	2982	349
3724	3789	422
3989	4161	488
5725	5825	661
5871	6090	762
6121	6162	982
6199	6347	1024
0	1957	0
0	34	0
2773	3373	35
4869	4951	636
7105	7193	719
7416	7556	808
9480	9639	949
10716	10796	1109
15924	16052	1190
17419	17499	1319
18529	18673	1400
19202	19285	1545
23590	23690	1629
24580	24738	1730
28448	28525	1889
29362	29567	1967
34376	34507	2173
35751	35874	2305
47959	48072	2429
59280	59340	2543
61496	61645	2604
69483	69546	2754
70219	70387	2818
71473	71655	2987
72037	72155	3170
84411	84567	3289
91510	91626	3446
95738	95807	3563
97708	97824	3633
100857	101005	3750
102426	102578	3899
105206	105316	4052
110001	110085	4163
114287	114390	4248
115219	115299	4352
0	34	0
2773	2829	35
3286	3373	92
4869	4951	180
7105	7193	263
7416	7556	352
9480	9639	493
10716	10796	653
15924	16052	734
17419	17499	863
18529	18673	944
19202	19285	1089
23590	23690	1173
24580	24738	1274
28448	28525	1433
29362	29567	1511
34376	34507	1717
35751	35874	1849
47959	48072	1973
59280	59340	2087
61496	61645	2148
69483	69546	2298
70219	70387	2362
71473	71655	2531
72037	72155	2714
84411	84567	2833
91510	91626	2990
95738	95807	3107
97708	97824	3177
100857	101005	3294
102426	102578	3443
105206	105316	3596
110001	110085	3707
114287	114390	3792
115219	115299	3896
0	23	0
1004	1060	24
1517	1604	81
3100	3182	169
5336	5424	252
5647	5787	341
7711	7870	482
8947	9027	642
14155	14283	723
15650	15730	852
16760	16904	933
17433	17516	1078
21821	21921	1162
22811	22969	1263
26679	26756	1422
27593	27798	1500
32607	32738	1706
33982	34105	1838
46190	46303	1962
57511	57571	2076
59727	59876	2137
67714	67777	2287
68450	68618	2351
69704	69886	2520
70268	70386	2703
82642	82798	2822
89741	89857	2979
93969	94038	3096
95939	96055	3166
99088	99236	3283
100657	100809	3432
103437	103547	3585
108232	108316	3696
112518	112621	3781
113450	113530	3885
0	117	0
2745	2855	118
7540	7624	229
11826	11929	314
12758	13483	418
0	121	0
2040	2329	122
0	61	0
2647	2715	62
6467	6519	131
8576	8665	184
10365	10486	274
11284	11367	396
12417	12450	480
13023	13093	514
14306	14385	585
15708	15810	665
16214	16289	768
18039	18136	844
0	137	0
1188	1943	138
10832	11021	894
11151	11197	1084
11491	11592	1131
11968	12030	1233
0	925	0
1742	1874	926
3953	4127	1059
4277	4396	1234
4791	4908	1354
4986	5167	1472
5303	5444	1654
5817	5892	1796
6189	6392	1872
7026	7155	2076
7451	7686	2206
8250	8462	2442
0	18	0
391	466	19
763	966	95
1600	1729	299
2025	2260	429
2824	3405	665
0	1364	0
0	95	0
0	133	0
8762	8899	134
13096	13198	272
15053	15281	375
17344	17491	604
17696	17801	752
20475	20661	858
23342	23588	1045
24523	24615	1292
24901	25058	1385
25303	25498	1543
26703	26947	1739
29596	29717	1984
30089	30286	2106
32883	33117	2304
34486	34635	2539
35796	37794	2689
0	137	0
4334	4436	138
6291	6519	241
8582	8729	470
8934	9039	618
11713	11899	724
14580	14826	911
15761	15853	1158
16139	16296	1251
16541	16736	1409
17941	18185	1605
20834	20955	1850
21327	21524	1972
24121	24355	2170
25724	25873	2405
26708	26745	2555
27034	27082	2593
0	55	0
1459	1652	56
3359	3645	250
4264	4360	537
4550	4644	634
6077	6194	729
7370	7458	847
0	1205	0
1602	1712	1206
1788	1896	1317
1987	2097	1426
0	563	0
0	859	0
0	1202	0
1599	1656	1203
0	1066	0
0	473	0
3539	3645	474
6750	7033	581
0	230	0
1263	1391	231
2264	2359	360
2908	3180	456
4178	4405	729
5520	5679	957
6409	6559	1117
7956	8073	1268
10141	10254	1386
0	140	0
341	504	141
692	791	305
1699	1929	405
3371	3556	636
4816	4928	822
5581	5683	935
7437	7579	1038
8550	8656	1181
9614	9755	1288
10333	10441	1430
10690	11137	1539
0	137	0
338	501	138
689	788	302
1696	1926	402
3368	3553	633
4813	4925	819
5578	5680	932
6648	6743	1035
7434	7576	1131
8547	8653	1274
9611	9752	1381
10330	10438	1523
10687	11136	1632
0	116	0
317	480	117
668	767	281
1675	1825	381
8544	8632	532
9590	9731	621
10309	10417	763
10666	11114	872
0	201	0
2547	4007	202
0	179	0
607	768	180
1960	2106	342
2867	2994	489
4465	4664	617
4796	5532	817
0	250	0
1012	1138	251
2609	2808	378
2940	3682	578
0	2145	0
6621	7013	2146
0	59	0
2703	3679	60
8152	9023	1037
0	1287	0
10145	10186	1288
0	192	0
12689	12799	193
21766	21816	304
22309	22463	355
22947	23129	510
23484	23660	693
23893	24298	870
25010	26637	1276
0	69	0
317	427	70
9394	9444	181
9937	10091	232
10575	10757	387
11112	11288	570
11521	11926	747
12638	12702	1153
0	47	0
41299	41386	48
48615	49171	136
58026	58203	693
59444	59580	871
60439	60627	1008
61284	61364	1197
63433	63553	1278
65168	65299	1399
67178	67323	1531
71650	71876	1677
72843	73007	1904
73514	73596	2069
74869	74975	2152
76334	76456	2259
78643	78744	2382
79332	79436	2484
81826	81980	2589
82684	82851	2744
83258	83402	2912
84073	84150	3057
85265	85380	3135
87201	87287	3251
90858	90936	3338
93802	93977	3417
95148	96986	3593
0	53	0
14806	14893	54
22122	22678	142
25196	25237	699
31533	31710	741
32951	33087	919
33946	34134	1056
34791	34871	1245
36940	37060	1326
38675	38806	1447
40685	40830	1579
43490	43633	1725
45157	45383	1869
46350	46514	2096
47021	47103	2261
48376	48482	2344
49841	49963	2451
52150	52251	2574
52839	52943	2676
55333	55487	2781
56191	56358	2936
56765	56909	3104
57580	57657	3249
58772	58887	3327
60708	60794	3443
64365	64443	3530
67309	67484	3609
68655	68838	3785
0	62	0
8893	8980	63
16209	16765	151
19283	19324	708
25620	25797	750
27038	27174	928
28033	28221	1065
28878	28958	1254
31027	31147	1335
32762	32893	1456
34772	34917	1588
37577	37720	1734
39244	39470	1878
40437	40601	2105
41108	41190	2270
42463	42569	2353
43928	44050	2460
46237	46338	2583
46926	47030	2685
49420	49574	2790
50278	50445	2945
50852	50996	3113
51667	51744	3258
52859	52974	3336
54795	54881	3452
58452	58530	3539
61396	61571	3618
62742	62925	3794
0	29	0
3085	3172	30
10401	10957	118
13475	13516	675
19812	19989	717
21230	21366	895
22225	22413	1032
23070	23150	1221
25219	25339	1302
26954	27085	1423
28964	29109	1555
31769	31912	1701
33436	33662	1845
34629	34793	2072
35300	35382	2237
36655	36761	2320
38120	38242	2427
40429	40530	2550
41118	41222	2652
43612	43766	2757
44470	44637	2912
45044	45188	3080
45859	45936	3225
47051	47166	3303
48987	49073	3419
52644	52722	3506
55588	55763	3585
56934	57117	3761
0	5	0
2294	2381	6
9610	10166	94
12684	12725	651
19021	19198	693
20439	20575	871
21434	21622	1008
22279	22359	1197
24428	24548	1278
26163	26294	1399
28173	28318	1531
30978	31121	1677
32645	32871	1821
33838	34002	2048
34509	34591	2213
35864	35970	2296
37329	37451	2403
39638	39739	2526
40327	40431	2628
42821	42975	2733
43679	43846	2888
44253	44397	3056
45068	45145	3201
46260	46375	3279
48196	48282	3395
51853	51931	3482
54797	54972	3561
56143	56326	3737
0	2	0
702	789	3
8018	8574	91
17429	17606	648
18847	18983	826
19842	20030	963
20687	20767	1152
22836	22956	1233
24571	24702	1354
26581	26726	1486
31053	31279	1632
32246	32410	1859
32917	33024	2024
33061	33085	2132
35737	35859	2157
38046	38147	2280
38735	38839	2382
41229	41383	2487
42087	42254	2642
42661	42805	2810
43476	43553	2955
44668	44783	3033
46604	46690	3149
50261	50339	3236
53205	53380	3315
54551	54734	3491
0	477	0
3592	4148	478
6666	6707	1035
13003	13180	1077
14421	14557	1255
15416	15604	1392
16261	16341	1581
18410	18530	1662
20145	20276	1783
22155	22300	1915
24960	25103	2061
26627	26853	2205
27820	27984	2432
28491	28573	2597
29846	29952	2680
31311	31433	2787
33620	33721	2910
34309	34413	3012
36803	36957	3117
37661	37828	3272
38235	38379	3440
39050	39127	3585
40242	40357	3663
42178	42264	3779
45835	45913	3866
48779	48954	3945
50125	50308	4121
0	62	0
0	343	0
2732	2837	344
9230	9369	450
93946	94037	590
96615	96767	682
100970	101157	835
120198	120301	1023
132639	132754	1127
141402	141458	1243
142154	142228	1300
144362	144451	1375
148752	148961	1465
156708	156820	1675
159320	159432	1788
162372	162503	1901
162960	163032	2033
167064	167181	2106
172062	172129	2224
176591	176697	2292
191180	192001	2399
193276	193490	3221
194784	194904	3436
198489	198618	3557
199600	199659	3687
200615	200721	3747
209607	209703	3854
211599	211759	3951
212425	212562	4112
213429	213630	4250
215105	215269	4452
215647	215757	4617
215911	215998	4728
224606	224724	4816
226756	226821	4935
227375	227466	5001
227903	228053	5093
230649	230776	5244
235187	235283	5372
244014	244122	5469
245931	246038	5578
247550	247662	5686
247850	247977	5799
249056	249182	5927
249655	249765	6054
251855	251890	6165
254258	254465	6201
254597	254808	6409
256321	257691	6621
0	343	0
2732	2837	344
9230	9369	450
93946	94037	590
96615	96767	682
100970	101157	835
120198	120301	1023
132639	132754	1127
141402	141458	1243
144362	144451	1300
148752	148961	1390
156708	156820	1600
159320	159432	1713
162372	162503	1826
162960	163032	1958
167064	167181	2031
172062	172129	2149
176591	176697	2217
191180	192001	2324
193276	193490	3146
194784	194904	3361
198489	198618	3482
199600	199659	3612
200615	200721	3672
209607	209703	3779
211599	211759	3876
212425	212562	4037
213429	213630	4175
215105	215269	4377
215647	215757	4542
215911	215998	4653
224606	224724	4741
226756	226821	4860
227375	227466	4926
227903	228053	5018
230649	230776	5169
235187	235283	5297
244014	244122	5394
245931	246038	5503
247550	247662	5611
247850	247977	5724
249056	249182	5852
249655	249765	5979
251855	251890	6090
254258	254465	6126
254597	254808	6334
256321	257691	6546
0	74	0
239	455	75
663	1317	292
0	71	0
237	452	72
660	1374	288
0	1042	0
1369	1480	1043
1572	1679	1155
2068	2184	1263
2311	2466	1380
2648	2835	1536
3086	3248	1724
3912	4016	1887
4093	4208	1992
6148	6315	2108
6568	6673	2276
6977	7105	2382
9403	9533	2511
17977	18031	2642
0	609	0
6292	6341	610
6457	6538	660
6783	6859	742
7011	7089	819
7366	7469	898
7969	8117	1002
8363	8447	1151
8552	8682	1236
9157	9264	1367
9354	9414	1475
9675	9740	1536
9864	9944	1602
10034	10172	1683
10278	10387	1822
10471	10572	1932
11241	11326	2034
11437	11591	2120
12386	12509	2275
13510	15703	2399
0	609	0
6292	6341	610
6457	6538	660
6783	6859	742
7011	7089	819
7366	7469	898
7969	8117	1002
8363	8447	1151
8552	8682	1236
9157	9264	1367
9354	9414	1475
9675	9740	1536
9864	9944	1602
10034	10172	1683
10278	10387	1822
10471	10572	1932
11241	11326	2034
11437	11591	2120
13510	15765	2275
0	30	0
248	297	31
413	494	81
739	815	163
967	1045	240
1322	1425	319
1925	2073	423
2319	2403	572
2508	2638	657
3113	3220	788
3310	3370	896
3631	3696	957
3820	3900	1023
3990	4128	1104
4234	4343	1243
4427	4528	1353
5197	5282	1455
5393	5547	1541
7466	7548	1696
0	57	0
0	91	0
831	1556	92
1677	1771	818
2197	2367	913
2682	2805	1084
2877	3100	1208
3214	3320	1432
3399	3624	1539
3709	3882	1765
3949	4158	1939
4245	4348	2149
4621	4680	2253
4760	4920	2313
5040	5241	2474
0	192	0
533	735	193
5124	5249	396
8760	8975	522
17424	18002	738
0	167	0
653	753	168
2158	2893	269
0	36	0
1280	1579	37
2614	2723	337
3907	4017	447
4506	4654	558
5603	5712	707
6502	6582	817
7106	7279	898
8029	8335	1072
0	402	0
1437	1546	403
2730	2840	513
3328	3477	624
4425	4535	774
5325	5405	885
5929	6102	966
6852	7152	1140
0	1129	0
6100	6147	1130
6487	6538	1178
13049	13264	1230
0	296	0
4192	4631	297
0	595	0
972	1043	596
8055	8100	668
13295	13628	714
0	1296	0
1960	2123	1297
2682	2843	1461
3470	3566	1623
4027	4178	1720
5269	5401	1872
5916	6046	2005
6351	6494	2136
6836	6955	2280
8059	8202	2400
8982	9104	2544
13203	13475	2667
21228	21500	2940
23499	23771	3213
33257	33520	3486
33890	33979	3750
34509	34694	3840
35029	35298	4026
35895	36054	4296
36154	36269	4456
37142	37405	4572
39161	40474	4836
41390	41982	6150
66421	66604	6743
0	110	0
774	937	111
1496	1657	275
2284	2380	437
2841	2992	534
4083	4215	686
4730	4860	819
5165	5308	950
5650	5769	1094
6873	7016	1214
7796	7918	1358
20042	20314	1481
22313	22585	1754
32071	32334	2027
32704	32793	2291
33323	33508	2381
33843	34112	2567
34709	34868	2837
34968	35083	2997
35956	36219	3113
37975	39288	3377
40204	40666	4691
0	110	0
774	937	111
1496	1657	275
2284	2380	437
2841	2992	534
4083	4215	686
4730	4860	819
5165	5308	950
5650	5769	1094
6873	7016	1214
7796	7918	1358
32071	32334	1481
32704	32793	1745
33323	33508	1835
33843	34112	2021
34709	34868	2291
34968	35083	2451
35956	36219	2567
37975	39288	2831
40204	40666	4145
0	110	0
774	937	111
1496	1657	275
2284	2380	437
2841	2992	534
4083	4215	686
4730	4860	819
5165	5308	950
5650	5769	1094
6873	7016	1214
7796	7918	1358
12017	12289	1481
13790	14062	1754
18686	18958	2027
20042	20314	2300
22313	22585	2573
25293	25712	2846
32071	32334	3266
32704	32793	3530
33323	33508	3620
33843	34112	3806
34709	34868	4076
34968	35083	4236
35956	36219	4352
37975	39288	4616
40204	40796	5930
65235	65326	6523
67856	67970	6615
0	235	0
17778	17876	236
19122	19225	335
22215	22297	439
24056	24210	522
26076	26408	677
0	396	0
24911	25979	397
51865	52010	1466
56701	56994	1612
60733	60925	1906
65255	65324	2099
0	145	0
4836	5129	146
8868	9060	440
14951	15070	633
20337	20844	753
34682	34810	1261
36327	36418	1390
47415	47611	1482
65902	66015	1679
66431	66566	1793
70417	70630	1929
79730	79898	2143
85615	85798	2312
88563	88773	2496
89367	89538	2707
92899	93046	2879
96077	96186	3027
102464	102535	3137
106232	106330	3209
116293	116400	3308
0	1745	0
2382	2583	1746
3072	3217	1948
0	77	0
0	21	0
340	573	22
6705	6888	256
8074	8174	440
27278	27419	541
70763	70911	683
71925	72058	832
82779	83006	966
0	237	0
6369	6552	238
7738	7838	422
26942	27083	523
70427	70575	665
71589	71722	814
82443	82708	948
102467	102646	1214
104034	104138	1394
104218	104342	1499
116910	117098	1624
118472	118638	1813
127031	127181	1980
153124	153261	2131
153361	153435	2269
153591	153675	2344
174307	174474	2429
185905	186051	2597
196817	196924	2744
202312	202461	2852
215741	216125	3002
235478	235663	3387
273241	273663	3573
0	1943	0
0	90	0
0	96	0
1435	1466	97
1489	1595	129
4713	4808	236
5367	5559	332
5895	6023	525
7468	7614	654
8001	8108	801
0	104	0
1041	1207	105
2192	5453	272
0	513	0
20027	20689	514
0	1173	0
5849	6071	1174
10637	10873	1397
16146	16251	1634
17448	17617	1740
22647	22837	1910
52073	52340	2101
78230	78443	2369
0	174	0
364	973	175
0	92	0
407	688	93
0	17	0
28218	28264	18
30310	30448	65
31928	32074	204
34207	34454	351
34558	34641	599
35584	35832	683
36911	37032	932
37243	37432	1054
38831	38947	1244
43134	43259	1361
44404	44591	1487
45576	45624	1675
47159	47391	1724
49256	49850	1957
51623	51739	2552
53069	53336	2669
56608	57073	2937
59063	59253	3403
59876	59923	3594
60317	60412	3642
64098	64226	3738
65730	65845	3867
67408	67538	3983
70136	70233	4114
76547	76720	4212
77567	77737	4386
82543	82761	4557
84451	84543	4776
85162	85281	4869
85708	85761	4989
87085	87247	5043
89264	89412	5206
91458	91581	5355
92624	92700	5479
93757	93867	5556
98053	98120	5667
99330	99391	5735
99516	99952	5797
0	1218	0
22525	22571	1219
24617	24755	1266
26235	26381	1405
28514	28761	1552
28865	28948	1800
29891	30139	1884
31218	31339	2133
31550	31739	2255
33138	33254	2445
37441	37566	2562
38711	38898	2688
39883	39931	2876
41466	41698	2925
43563	44157	3158
45930	46046	3753
47376	47643	3870
50915	51380	4138
53370	53560	4604
54183	54230	4795
54624	54719	4843
58405	58533	4939
60037	60152	5068
61715	61845	5184
64443	64540	5315
70854	71027	5413
71874	72044	5587
76850	77068	5758
78758	78850	5977
79469	79588	6070
80015	80068	6190
81392	81554	6244
83571	83719	6407
85765	85888	6556
86931	87007	6680
88064	88174	6757
92360	92427	6868
93637	93698	6936
93823	94259	6998
0	1822	0
9112	9158	1823
11204	11342	1870
12822	12968	2009
15101	15348	2156
15452	15535	2404
16478	16726	2488
17805	17926	2737
18137	18326	2859
19725	19841	3049
24028	24153	3166
25298	25485	3292
26470	26518	3480
28053	28285	3529
30150	30744	3762
32517	32633	4357
33963	34230	4474
37502	37967	4742
39957	40147	5208
40770	40817	5399
41211	41306	5447
44992	45120	5543
46624	46739	5672
48302	48432	5788
51030	51127	5919
57441	57614	6017
58461	58631	6191
63437	63655	6362
65345	65437	6581
66056	66175	6674
66602	66655	6794
67979	68141	6848
70158	70306	7011
72352	72475	7160
73518	73594	7284
74651	74761	7361
78947	79014	7472
80224	80285	7540
80410	80846	7602
0	59	0
954	1000	60
3046	3184	107
4664	4810	246
6943	7190	393
7294	7377	641
8320	8568	725
9647	9768	974
9979	10168	1096
11567	11683	1286
15870	15995	1403
17140	17327	1529
18312	18360	1717
19895	20127	1766
21992	22586	1999
24359	24475	2594
25805	26072	2711
29344	29809	2979
31799	31989	3445
32612	32659	3636
33053	33148	3684
36834	36962	3780
38466	38581	3909
40144	40274	4025
42872	42969	4156
49283	49456	4254
50303	50473	4428
55279	55497	4599
57187	57279	4818
57898	58017	4911
58444	58497	5031
59821	59983	5085
62000	62148	5248
64194	64317	5397
65360	65436	5521
66493	66603	5598
70789	70856	5709
72066	72127	5777
72252	72688	5839
0	55	0
6574	6644	56
11784	13219	127
20753	20806	1563
26917	26970	1617
30601	30654	1671
32141	32194	1725
36373	36417	1779
37224	37277	1824
39137	39181	1878
40852	40905	1923
42126	42170	1977
51177	51230	2022
55025	55069	2076
56793	56846	2121
94960	95013	2175
0	55	0
6574	6644	56
11784	13219	127
20753	20806	1563
26917	26970	1617
30601	30654	1671
32141	32194	1725
36373	36417	1779
37224	37277	1824
39137	39181	1878
40852	40905	1923
42126	42170	1977
51177	51230	2022
55025	55069	2076
56793	56846	2121
57247	57291	2175
63010	63063	2220
63337	63390	2274
63514	63567	2328
65225	65278	2382
65589	65642	2436
67488	67532	2490
68474	68527	2535
69922	69966	2589
75588	75641	2634
78116	78169	2688
79256	79309	2742
81330	81383	2796
87706	87759	2850
88116	88160	2904
88318	88362	2949
88568	88621	2994
89339	89392	3048
91067	91120	3102
91868	91921	3156
92281	92334	3210
93804	93911	3264
105146	105199	3372
105514	105621	3426
106883	106936	3534
107055	107108	3588
111600	111656	3642
111816	111869	3699
112525	112578	3753
113695	113748	3807
115205	115258	3861
115335	115442	3915
115810	115917	4023
116938	117045	4131
118798	118851	4239
119487	119549	4293
119954	120007	4356
120628	120813	4410
0	102	0
0	85	0
0	153	0
251	393	154
997	1067	297
1150	1251	368
1351	1451	470
1529	1746	571
0	184	0
626	776	185
1185	1352	336
1586	1693	504
1814	1966	612
2715	2873	765
3630	3741	924
4545	4632	1036
4721	4847	1124
7176	7451	1251
0	755	0
1402	3812	756
0	659	0
662	715	660
718	736	714
1361	3153	733
0	147	0
1210	1848	148
19895	20015	787
20329	20358	908
23299	23415	938
23892	23938	1055
26967	27121	1102
28230	28334	1257
28590	28779	1362
28959	29080	1552
29503	29572	1674
30438	30928	1744
0	45	0
1108	1746	46
19793	19919	685
20231	20256	812
20782	20935	838
0	667	0
1206	1700	668
0	71	0
206	295	72
1337	1439	162
1703	2520	265
0	67	0
359	511	68
589	1001	221
1087	1194	634
1266	1811	742
0	14	0
415	594	15
752	1149	195
1241	1348	593
1421	1610	701
0	65	0
1513	1548	66
1935	2098	102
2211	2327	266
2844	3035	383
3148	3373	575
0	57	0
3131	3288	58
4934	5068	216
5569	5719	351
5943	6099	502
6183	6315	659
6393	6567	792
6647	6789	967
6904	7041	1110
7178	7222	1248
7291	7401	1293
7487	7732	1404
7917	7980	1650
8067	8168	1714
8616	8734	1816
0	427	0
492	558	428
849	924	495
999	1149	571
1263	1347	722
1436	1588	807
1669	1746	960
1813	1915	1038
1991	2052	1141
2147	2224	1203
2304	2399	1281
3295	3414	1377
0	427	0
492	558	428
849	924	495
999	1149	571
1263	1364	722
1441	1588	824
1669	1746	972
1813	1915	1050
1991	2052	1153
2147	2224	1215
2304	2418	1293
2511	2575	1408
2674	2727	1473
2829	2957	1527
3649	3666	1656
0	1742	0
3142	3313	1743
3478	3644	1915
5588	5678	2082
6170	6251	2173
6477	6583	2255
0	1727	0
2905	3053	1728
3127	3298	1877
3463	3629	2049
5573	5663	2216
6155	6236	2307
6462	6592	2389
0	124	0
2737	2776	125
10065	10193	165
10364	10812	294
12432	12556	743
12751	13333	868
13546	13657	1451
13818	13989	1563
14608	14719	1735
15424	15630	1847
15754	16336	2054
0	42	0
318	583	43
1589	1764	309
2117	2244	485
2595	2839	613
0	378	0
452	666	379
771	900	594
982	1082	724
1153	1215	825
0	378	0
452	666	379
771	919	594
1004	1010	743
1473	1563	750
1763	1773	841
0	218	0
323	452	219
534	634	349
705	851	450
1025	1115	597
1315	1325	688
0	234	0
718	921	235
986	1113	439
1296	1428	567
1504	1610	700
1720	1796	807
1882	2001	884
2069	2273	1004
2350	2484	1209
2568	2685	1344
2883	2993	1462
4076	4143	1573
10610	10759	1641
0	88	0
0	2099	0
2781	2829	2100
3857	3938	2149
15313	15383	2231
17942	18012	2302
0	382	0
832	996	383
1155	1292	548
1475	1601	686
1815	2024	813
2409	2518	1023
3001	3092	1133
3205	3274	1225
3636	3794	1295
4416	4810	1454
5395	5561	1849
7470	7862	2016
0	162	0
417	510	163
1110	1239	257
1534	1636	387
2801	2897	490
3435	3576	587
0	76	0
230	291	77
487	568	139
1142	1214	221
1598	1734	294
2418	3304	431
0	704	0
982	1257	705
0	704	0
982	1076	705
2095	2204	800
0	728	0
1800	1922	729
2256	2336	852
4492	4626	933
5214	5257	1068
5389	5452	1112
5918	5977	1176
8247	8285	1236
8948	9010	1275
9251	9344	1338
10012	10118	1432
10744	10802	1539
11222	11363	1598
12356	12445	1740
12608	12715	1830
12811	12898	1938
13386	13732	2026
14510	14623	2373
14917	15141	2487
15376	15475	2712
15565	15653	2812
16261	16414	2901
16543	16610	3055
17174	17276	3123
17475	17581	3226
17793	17961	3333
18066	18316	3502
0	72	0
128	772	73
0	72	0
6937	7155	73
7561	7802	292
7968	8138	534
9243	9254	705
10345	10456	717
11020	11129	829
20652	20765	939
23320	23371	1053
23823	23893	1105
24084	24170	1176
31707	31845	1263
32624	32691	1402
33954	34089	1470
34172	34314	1606
34418	34578	1749
35279	35377	1910
35880	36083	2009
36624	36773	2213
37890	37963	2363
57447	57607	2437
0	93	0
0	72	0
339	466	73
2474	2601	201
5087	5253	329
5974	6106	496
6998	7058	629
9836	9909	690
10291	10370	764
11425	11607	844
11944	12074	1027
12493	12577	1158
13188	13301	1243
13593	13778	1357
14408	14477	1543
15555	15676	1613
18298	18655	1735
19139	19452	2093
0	1599	0
3147	3278	1600
0	12	0
803	1032	13
1992	2047	243
2483	2635	299
3167	3367	452
3669	3786	653
4477	4599	771
0	3	0
125	309	4
1269	1324	189
1760	1912	245
2444	2644	398
2946	3063	599
3754	3876	717
0	122	0
1377	1461	123
2127	2280	208
3706	3831	362
4587	4757	488
5731	5897	659
6895	7024	826
7311	7442	956
7917	7991	1088
8935	9006	1163
9608	9724	1235
10589	10774	1352
11522	11631	1538
12307	12442	1648
12723	12833	1784
13456	13560	1895
13990	14148	2000
15041	15141	2159
15658	15820	2260
16064	16189	2423
16720	18001	2549
0	107	0
1533	1658	108
2414	2584	234
3558	3724	405
4722	4851	572
5138	5269	702
5744	5818	834
6762	6833	909
7435	7551	981
8416	8601	1098
9349	9458	1284
10134	10269	1394
10550	10664	1530
11722	11758	1645
11837	11975	1682
12868	12968	1821
13485	13647	1922
13891	14016	2085
14547	14720	2211
0	280	0
406	621	281
1385	1510	497
1678	1826	623
1973	2033	772
2691	2945	833
3123	3351	1088
3497	3609	1317
3831	3900	1430
4240	4382	1500
4486	4676	1643
5166	5295	1834
5609	5713	1964
6756	6838	2069
7004	7067	2152
7740	7940	2216
0	15	0
7777	8016	16
8584	8709	256
10236	10376	382
11477	11623	523
12054	12187	670
12900	13044	804
13143	13297	949
14507	14642	1104
15176	15277	1240
15514	15651	1342
16100	16210	1480
16625	16702	1591
16876	17031	1669
17359	17563	1825
17691	17872	2030
18324	18567	2212
18886	19008	2456
19516	19733	2579
20439	20531	2797
20926	21060	2890
21531	21679	3025
22917	22976	3174
24190	24388	3234
25433	25537	3433
26065	26088	3538
26415	26450	3562
27508	27555	3598
28204	28295	3646
28680	28824	3738
28943	29124	3883
29300	29399	4065
29534	29731	4165
29853	29999	4363
30501	30604	4510
30747	30909	4614
31359	31373	4777
33131	33262	4792
33620	33757	4924
34127	34231	5062
34443	34651	5167
35435	35555	5376
35720	35841	5497
36340	36472	5619
36606	36704	5752
36990	37149	5851
37389	37465	6011
37625	37834	6088
38102	38398	6298
38747	38859	6595
39687	39704	6708
42776	42830	6726
43105	43301	6781
43686	43739	6978
44216	44362	7032
44690	44837	7179
45529	45848	7327
0	97	0
1124	1174	98
6329	6568	149
7136	7261	389
8788	8928	515
10029	10175	656
10606	10739	803
11452	11596	937
11695	11849	1082
13059	13194	1237
13728	13829	1373
14066	14203	1475
14652	14762	1613
15177	15254	1724
15428	15583	1802
15911	16115	1958
16243	16424	2163
16876	17119	2345
17438	17560	2589
18068	18285	2712
18991	19083	2930
19478	19612	3023
20083	20231	3158
22742	22940	3307
23985	24089	3506
24617	24640	3611
24967	25002	3635
26060	26107	3671
26756	26847	3719
27232	27376	3811
27495	27676	3956
27852	27951	4138
28086	28283	4238
28405	28551	4436
29053	29156	4583
29299	29461	4687
31683	31814	4850
32172	32309	4982
32679	32783	5120
32995	33203	5225
33987	34107	5434
34272	34393	5555
34892	35024	5677
35158	35256	5810
35542	35701	5909
35941	36017	6069
36177	36386	6146
36654	36950	6356
37299	37411	6653
38239	38256	6766
40102	40164	6784
41328	41382	6847
41657	41853	6902
42238	42291	7099
42768	42914	7153
43242	43389	7300
44081	44206	7448
0	236	0
804	929	237
2456	2596	363
3697	3843	504
4274	4407	651
5120	5264	785
5363	5517	930
6727	6862	1085
7396	7497	1221
7734	7871	1323
8320	8430	1461
8845	8922	1572
9096	9251	1650
9579	9783	1806
9911	10092	2011
10544	10787	2193
11106	11228	2437
11736	11953	2560
12659	12751	2778
13146	13280	2871
13751	13899	3006
15137	15196	3155
16410	16608	3215
17653	17757	3414
19728	19775	3519
20424	20515	3567
20900	21044	3659
21163	21344	3804
21520	21619	3986
21754	21951	4086
22073	22219	4284
22721	22824	4431
22967	23129	4535
25351	25482	4698
25840	25977	4830
26347	26451	4968
26663	26871	5073
27655	27775	5282
27940	28061	5403
28560	28692	5525
28826	28924	5658
29210	29369	5757
29609	29685	5917
29845	30054	5994
30322	30618	6204
30967	31088	6501
34996	35050	6623
35325	35521	6678
35906	35959	6875
36436	36582	6929
36910	37057	7076
37749	37874	7224
0	387	0
935	1092	388
1867	2099	546
2500	2667	779
3349	3458	947
3989	4146	1057
5797	5906	1215
7207	7455	1325
7787	7882	1574
0	238	0
786	943	239
1718	1950	397
2351	2518	630
3200	3309	798
3840	3997	908
5648	5757	1066
7058	7630	1176
0	28	0
138238	138294	29
138878	138951	86
139548	139632	160
140249	140329	245
140802	140846	326
141364	141456	371
141598	141717	464
142157	142368	584
143128	143242	796
143759	143959	911
144696	144785	1112
145322	145387	1202
145920	146039	1268
146185	146311	1388
146427	146582	1515
146892	147018	1671
147517	147604	1798
147690	147766	1886
147935	148049	1963
148360	148480	2078
148707	148773	2199
149213	149341	2266
150281	150414	2395
150746	150852	2529
151067	151273	2636
151892	152061	2843
152286	152355	3013
152987	153054	3083
153659	153854	3151
154333	154410	3347
154739	154824	3425
155229	155374	3511
156539	156720	3657
157057	157257	3839
157933	158025	4040
158233	158391	4133
159176	159313	4292
159499	159573	4430
160255	160464	4505
161185	161316	4715
161439	161509	4847
161837	161966	4918
162170	163023	5048
0	351	0
1622	1679	352
2669	2811	410
3278	3381	553
3541	3654	657
4723	4893	771
4989	5135	942
6071	9462	1089
0	171	0
265	416	172
788	983	324
1389	1580	520
1826	1935	712
2411	2554	822
3488	3563	966
4464	4650	1042
5245	5356	1229
6123	6199	1341
7685	7751	1418
8316	8407	1485
8766	8942	1577
9031	9093	1754
9260	9336	1817
9872	10014	1894
10266	10373	2037
10908	10988	2145
11596	11808	2226
0	309	0
896	1062	310
2329	2415	477
3368	3504	564
3611	3629	701
0	57	0
1145	1247	58
1624	1721	161
2701	2889	259
3245	3360	448
3776	3895	564
4227	4268	684
4921	5136	726
5816	5989	942
6261	6407	1116
6866	6980	1263
8082	8258	1378
9710	10146	1555
10448	10598	1992
11295	11557	2143
0	57	0
1145	1247	58
1624	1721	161
2701	2889	259
3245	3360	448
3776	3895	564
4227	4268	684
4921	5136	726
5816	5989	942
6261	6407	1116
6866	6980	1263
8082	8258	1378
9710	9966	1555
10084	10146	1812
10448	10598	1875
11295	11557	2026
0	10	0
1160	1233	11
1388	1428	85
1732	1793	126
2024	2123	188
3403	3485	288
3636	3800	371
4354	4556	536
5283	5446	739
6926	7086	903
7321	7378	1064
7473	7514	1122
0	10	0
1160	1233	11
1388	1428	85
1732	1793	126
2024	2123	188
3403	3485	288
3636	3800	371
4354	4556	536
5283	5446	739
6926	7086	903
7321	7378	1064
8381	8446	1122
0	4	0
919	992	5
1147	1187	79
1491	1552	120
1783	1882	182
3162	3244	282
3395	3559	365
4113	4315	530
5042	5205	733
6685	6845	897
7080	7137	1058
8140	8205	1116
0	230	0
467	576	231
1332	2014	341
0	348	0
533	680	349
845	947	497
1619	1717	600
2073	2146	699
2571	2700	773
2936	2985	903
3933	4310	953
4558	4620	1331
0	348	0
533	680	349
845	947	497
1619	1717	600
2073	2145	699
2570	2700	772
2936	2985	903
3283	3372	953
3933	4092	1043
4185	4310	1203
4441	4483	1329
4558	4640	1372
0	347	0
531	670	348
835	937	488
1609	1707	591
2063	2135	690
2560	2690	763
2926	2975	894
3273	3362	944
3923	4081	1034
4175	4301	1193
4548	4596	1320
0	826	0
1008	1094	827
1431	1507	914
1693	1879	991
1961	2050	1178
2270	2346	1268
3017	3137	1345
3322	3421	1466
0	2156	0
5003	5278	2157
0	210	0
277	2156	211
5003	5278	2091
0	474	0
1250	1263	475
0	94	0
0	57	0
811	969	58
1271	1346	217
1454	1501	293
2853	2908	341
3087	3149	397
3229	3250	460
3530	3658	482
4338	4454	611
4570	4696	728
5146	5810	855
0	1832	0
2641	2685	1833
0	25	0
1810	1864	26
2448	2521	81
3118	3202	155
3819	3899	240
4372	4416	321
4934	5026	366
5168	5287	459
5727	5938	579
6698	6812	791
7329	7529	906
8266	8355	1107
8892	8957	1197
9490	9609	1263
9755	9881	1383
9997	10152	1510
10462	10588	1666
11087	11174	1793
11260	11336	1881
11505	11619	1958
11930	12050	2073
12277	12343	2194
12783	12911	2261
13851	13984	2390
14316	14422	2524
14637	14843	2631
15462	15631	2838
15856	15925	3008
16557	16624	3078
17229	17424	3146
17903	17980	3342
18309	18394	3420
18799	18944	3506
19738	19824	3652
20109	20290	3739
20627	20827	3921
21503	21595	4122
21803	21961	4215
22746	22883	4374
23069	23143	4512
23825	24034	4587
24755	24886	4797
25009	25079	4929
25407	25536	5000
25740	25910	5130
0	25	0
1810	1864	26
2448	2521	81
3118	3202	155
3819	3899	240
4372	4416	321
4934	5026	366
5168	5287	459
5727	5938	579
6698	6731	791
6777	6812	825
7329	7529	861
8266	8355	1062
8892	8957	1152
9490	9609	1218
9755	9881	1338
9997	10152	1465
10462	10588	1621
11087	11174	1748
11260	11336	1836
11505	11619	1913
11930	12050	2028
12277	12343	2149
12783	12911	2216
13851	13984	2345
14316	14422	2479
14637	14843	2586
15462	15631	2793
15856	15925	2963
16557	16624	3033
17229	17424	3101
17903	17980	3297
18309	18394	3375
18799	18944	3461
20109	20290	3607
20627	20827	3789
21503	21595	3990
21803	21961	4083
22746	22883	4242
23069	23143	4380
23825	24034	4455
24755	24886	4665
25009	25079	4797
25407	25536	4868
25740	25910	4998
0	25	0
1810	1864	26
2448	2521	81
3118	3202	155
3819	3899	240
4372	4416	321
4934	5026	366
5168	5287	459
5727	5938	579
6698	6812	791
7329	7529	906
8266	8355	1107
8892	8957	1197
9490	9609	1263
9755	9881	1383
9997	10152	1510
10462	10588	1666
11087	11174	1793
11260	11336	1881
11505	11619	1958
11930	12050	2073
12277	12343	2194
12783	12911	2261
13851	13984	2390
14316	14422	2524
14637	14843	2631
15462	15631	2838
15856	15925	3008
16557	16624	3078
17229	17424	3146
17903	17980	3342
18309	18394	3420
18799	18944	3506
20109	20290	3652
20627	20827	3834
21503	21595	4035
21803	21961	4128
22746	22883	4287
23069	23143	4425
23825	24034	4500
24755	24886	4710
25009	25079	4842
25407	25536	4913
25740	27834	5043
0	41	0
625	698	42
1295	1379	116
1996	2076	201
2549	2593	282
3111	3203	327
3345	3464	420
3904	4115	540
4875	4989	752
5506	5706	867
6443	6532	1068
7069	7134	1158
7667	7786	1224
7932	8058	1344
8174	8329	1471
8639	8765	1627
9264	9351	1754
9437	9513	1842
9682	9796	1919
10107	10227	2034
10454	10520	2155
10960	11088	2222
12028	12161	2351
12493	12599	2485
12814	13020	2592
13639	13783	2799
13814	13887	2944
14734	14801	3018
15406	15601	3086
16080	16157	3282
16486	16571	3360
16976	17121	3446
18286	18467	3592
18804	19004	3774
19680	19772	3975
19980	20138	4068
20923	21060	4227
21246	21320	4365
22002	22211	4440
22932	23063	4650
23186	23256	4782
23584	23713	4853
23917	24087	4983
0	133	0
319	393	134
1075	1284	209
2005	2136	419
2259	2329	551
2657	2786	622
2990	3840	752
0	1435	0
2091	2355	1436
3270	3370	1701
3777	3866	1802
6090	6113	1892
10467	10529	1916
14220	14312	1979
14798	14931	2072
16092	16220	2206
16564	16705	2335
24932	25055	2477
0	95	0
734	944	96
2067	2179	307
4438	4555	420
4767	4903	538
6388	6505	675
6681	6781	793
7360	7475	894
7910	7982	1010
8337	8423	1083
9031	9129	1170
9601	9735	1269
10161	10214	1404
11161	11277	1458
11981	12181	1575
0	99	0
6211	6311	100
8354	8453	201
9276	9374	301
10668	10796	400
11697	11786	529
12217	12624	619
0	96	0
6208	6407	97
6409	6961	297
0	86	0
10655	10783	87
11684	11773	216
12204	12561	306
0	86	0
6198	6298	87
8003	8087	188
8341	8440	273
9263	9361	373
10655	10783	472
11684	11773	601
12204	13016	691
0	215	0
725	862	216
1392	1454	354
1913	2048	417
2130	2252	553
2707	2826	676
3254	3354	796
4367	4545	897
5127	5301	1076
5881	6046	1251
6670	6723	1417
8871	8989	1471
9452	9715	1590
10884	11027	1854
0	59	0
1522	1621	60
2921	3007	160
7738	7863	247
8573	8690	373
10207	10306	491
11310	11434	591
11927	12027	716
16538	16645	817
21107	21579	925
0	53	0
1515	1615	54
2915	3001	155
7732	7857	242
8567	8684	368
10201	10300	486
11304	11428	586
11921	12021	711
16532	16639	812
21101	23483	920
0	3	0
715	815	4
2115	2201	105
6932	7057	192
7767	7884	318
9401	9500	436
10504	10628	536
11121	11221	661
15732	15839	762
20301	20375	870
0	108	0
568	711	109
2260	2318	253
10244	10431	312
11090	11273	500
0	46	0
6063	6175	47
15539	16468	160
0	419	0
2597	2711	420
0	70	0
654	727	71
1419	1614	145
1761	2013	341
2393	2874	594
0	70	0
654	1614	71
1761	2013	1032
2393	2875	1285
0	56	0
640	751	57
1405	1600	169
1747	1999	365
2379	2860	618
0	25	0
609	682	26
1374	1569	100
1716	1968	296
2386	2829	549
0	83	0
775	970	84
1117	1369	280
1749	2230	533
0	2015	0
2403	2501	2016
2967	3075	2115
3488	3594	2224
3983	4164	2331
4556	4790	2513
4991	5007	2748
0	399	0
13140	13324	400
13433	13611	585
14058	16176	764
0	249	0
1095	1177	250
2344	2463	333
0	188	0
1073	1341	189
1424	1599	458
1890	2017	634
2142	2631	762
0	237	0
532	800	238
883	1058	507
1349	1476	683
1601	2039	811
0	198	0
270	535	199
1796	1970	465
2619	2746	640
3052	5016	768
0	172	0
244	509	173
1769	1944	439
2593	2720	615
3026	3463	743
0	1395	0
2032	2159	1396
2251	2426	1524
3058	3323	1700
3416	3633	1966
0	327	0
775	873	328
1656	1792	427
2305	2502	564
2943	3020	762
3206	3276	840
3470	3521	911
4158	4217	963
4562	4665	1023
0	213	0
2458	2561	214
2945	2998	318
3629	3691	372
3834	3947	435
4529	4625	549
4812	4881	646
5455	5568	716
6681	6759	830
8076	8502	909
9397	9534	1336
10561	10673	1474
11122	11294	1587
11754	11848	1760
12427	12460	1855
12917	12962	1889
13220	13400	1935
13558	13684	2116
13801	13970	2243
15078	15100	2413
0	213	0
2458	2561	214
2945	2998	318
3629	3691	372
3834	3947	435
4529	4625	549
4812	4881	646
5455	5568	716
6681	6759	830
8076	8502	909
9397	9534	1336
10561	10673	1474
11122	11294	1587
11754	11848	1760
12427	12460	1855
12917	12962	1889
13220	13400	1935
13558	13684	2116
13801	13970	2243
14604	14685	2413
15078	15186	2495
15583	15685	2604
15905	15976	2707
16916	17076	2779
0	7	0
4536	4694	8
5562	5698	167
6154	6275	304
7118	7250	426
9274	9383	559
12783	12797	669
20646	20828	684
22200	22397	867
26618	26764	1065
28450	28578	1212
40703	40807	1341
41613	41675	1446
50903	51050	1509
53624	53680	1657
58052	58167	1714
85805	85828	1830
0	7	0
4536	4694	8
5562	5698	167
6154	6275	304
7118	7250	426
9274	9383	559
22200	22397	669
26618	26764	867
28450	28578	1014
40703	40807	1143
41613	41675	1248
50903	51050	1311
53624	53680	1459
58052	58167	1516
85805	85828	1632
0	127	0
4258	4383	128
4872	4922	254
5148	5236	305
5385	5551	394
6089	6123	561
6321	6377	596
6889	6999	653
8221	8354	764
9216	9291	898
10274	10347	974
10899	11016	1048
12019	12149	1166
13973	14016	1297
20780	20829	1341
21632	21715	1391
22505	22629	1475
28626	30138	1600
0	131	0
4257	4382	132
4871	4921	258
5147	5235	309
5384	5550	398
6088	6122	565
6320	6376	600
6888	6998	657
8220	8353	768
9215	9290	902
10273	10346	978
10898	11015	1052
12018	12148	1170
13972	14015	1301
20779	20828	1345
21631	21714	1395
22504	22628	1479
28625	28900	1604
0	119	0
4250	4375	120
4864	4914	246
5140	5228	297
5377	5543	386
6081	6115	553
6313	6369	588
6881	6991	645
8213	8346	756
9208	9283	890
10266	10339	966
10891	11309	1040
0	210	0
7094	7118	211
8563	8701	236
8828	8906	375
9026	9114	454
9207	9284	543
9510	9626	621
10059	10492	738
0	67	0
1777	1904	68
2204	2272	196
2472	2660	265
4284	4340	454
4678	4752	511
6466	6536	586
7008	7038	657
9774	9864	688
11469	11553	779
12216	12280	864
15446	15577	929
18367	18523	1061
19833	19898	1218
20356	20573	1284
0	107	0
407	475	108
675	863	177
2487	2543	366
2881	2955	423
4669	4701	498
7914	8067	531
9672	9756	685
10419	10483	770
13649	13780	835
16570	16726	967
18036	18101	1124
18559	18613	1190
0	167	0
6560	6665	168
12231	12281	274
12762	12795	325
14168	14217	359
15944	16015	409
16827	16884	481
19450	19612	539
20494	20592	702
22536	22640	801
23013	23115	906
23764	23864	1009
25097	25238	1110
29224	29384	1252
30212	30285	1413
30741	30817	1487
34956	35083	1564
35872	36123	1692
0	118	0
253	354	119
2219	2268	221
3995	4066	271
4878	4935	343
7501	7663	401
8545	8643	564
10587	10691	663
11064	11166	768
11815	11915	871
13148	13289	972
17275	17435	1114
18263	18336	1275
18792	18868	1349
23007	23136	1426
23444	23504	1556
0	213	0
900	1090	214
1839	1994	405
4828	4939	561
5744	6126	673
0	78	0
0	157	0
231	332	158
430	475	260
1252	1341	306
1570	1635	396
1798	1866	462
2823	2999	531
3196	3333	708
3724	4503	846
0	157	0
231	332	158
430	475	260
1252	1341	306
1570	1635	396
1798	1866	462
2823	2999	531
3196	3324	708
3713	3718	837
3724	4504	843
0	131	0
205	306	132
404	449	234
1226	1315	280
1544	1609	370
1772	1840	436
2797	2973	505
3170	3298	682
3693	4475	811
0	78	0
6862	7035	79
7758	8053	253
13056	13328	549
17059	17143	822
17507	17684	907
20001	20185	1085
22217	22369	1270
22954	23043	1423
23279	23443	1513
25972	27671	1678
0	259	0
459	638	260
1049	1145	440
4285	4421	537
5096	5255	674
6023	6088	834
6482	6496	900
0	300	0
1396	1444	301
1936	2312	350
0	33	0
680	842	34
2228	2315	197
0	41	0
1549	1744	42
2317	2468	238
2940	3144	390
3757	3827	595
4158	4221	666
4346	4453	730
4472	4502	838
5147	5213	869
5816	5939	936
7306	7467	1060
8545	8992	1222
10386	10561	1670
11239	11330	1846
11938	12027	1938
12374	12523	2028
12746	12904	2178
14696	14799	2337
15340	15522	2441
15995	16080	2624
16159	16242	2710
16580	16837	2794
17523	17684	3052
18133	18241	3214
21279	21354	3323
22025	22082	3399
22658	22754	3457
24443	24516	3554
26116	27861	3628
29262	29332	5374
29839	29995	5445
32223	32372	5602
33915	34086	5752
37160	37335	5924
37419	37459	6100
0	528	0
5313	5558	529
5579	5643	775
0	645	0
8449	9293	646
0	66	0
0	114	0
1062	1239	115
1455	1557	293
2543	2615	396
5246	5389	469
5916	6157	613
6577	6702	855
0	89	0
10218	10359	90
11475	11557	232
12245	12433	315
12573	12767	504
13205	13291	699
14221	14325	786
14900	15092	891
16147	16244	1084
17135	17262	1182
18281	18521	1310
19497	19673	1551
20305	20396	1728
20999	21080	1820
21465	21605	1902
0	89	0
560	701	90
1817	1899	232
2587	2775	315
2915	3109	504
3547	3633	699
4563	4667	786
5242	5434	891
6489	6586	1084
7477	7604	1182
8623	8863	1310
9839	10015	1551
10647	10738	1728
11341	11422	1820
11807	11947	1902
0	86	0
0	1030	0
5331	5380	1031
0	124	0
667	790	125
1700	1843	249
2106	2212	393
2812	2862	500
3213	3359	551
3751	3862	698
4546	4611	810
5181	5274	876
5739	5894	970
6504	6634	1126
6868	6963	1257
8283	8375	1353
9197	9293	1446
9394	9486	1543
9973	10093	1636
10436	10533	1757
11037	11150	1855
11620	11746	1969
12151	12328	2096
12533	12868	2274
0	1533	0
1958	2006	1534
2497	2591	1583
2678	2820	1678
2892	2988	1821
3177	3336	1918
3424	3505	2078
0	1533	0
1958	2006	1534
2497	2591	1583
2678	2820	1678
2892	2988	1821
3177	3336	1918
3424	3562	2078
0	26	0
100	234	27
308	879	162
0	150	0
781	909	151
1886	1983	280
2384	2485	378
2623	2701	480
3151	3245	559
3456	3540	654
3698	3883	739
3990	4034	925
5360	5438	970
8222	8297	1049
9616	9720	1125
9739	9768	1230
11042	11095	1260
24438	24640	1314
30947	31450	1517
32053	32236	2021
33537	33660	2205
35115	35267	2329
35658	35746	2482
39456	39612	2571
42741	42919	2728
47282	47508	2907
47945	47954	3134
0	505	0
2982	3059	506
11597	11638	584
18083	18190	626
27433	27526	734
51643	51773	828
78205	78349	959
80692	80926	1104
0	32	0
2925	3227	33
8046	8663	336
0	212	0
12035	12678	213
22037	22209	857
33551	33718	1030
34111	34245	1198
34693	34916	1333
0	155	0
2420	2507	156
4873	4971	244
5462	5626	343
6252	6344	508
6697	6884	601
7685	7792	789
8282	8431	897
9129	9200	1047
9853	9965	1119
10436	10537	1232
10963	11116	1334
11680	11847	1488
12304	12533	1656
13102	13278	1886
14322	14421	2063
15135	19631	2163
20245	20335	6660
21379	21550	6751
22544	22663	6923
22946	23165	7043
23288	23397	7263
23548	23758	7373
25662	25842	7584
27599	27770	7765
0	797	0
1586	1673	798
4039	4137	886
4628	4792	985
5418	5510	1150
5863	6050	1243
6851	6958	1431
7448	7597	1539
8295	8366	1689
9019	9131	1761
9602	9703	1874
10129	10282	1976
10846	11013	2130
11470	11699	2298
12268	12444	2528
13488	13587	2705
14301	18797	2805
19411	19501	7302
20545	20716	7393
21710	21829	7565
22112	22331	7685
22454	22563	7905
22714	22924	8015
24828	25008	8226
26765	26936	8407
0	232	0
666	796	233
1052	1130	364
2539	2724	443
3090	3357	629
0	18	0
201	296	19
710	938	115
11578	11680	344
13144	13245	447
21442	21510	549
0	432	0
3173	3395	433
4530	4824	656
0	40	0
87	464	41
0	423	0
8152	8332	424
12134	12245	605
17754	17835	717
22555	22694	799
24444	24494	939
30389	30448	990
32589	32765	1050
33061	33296	1227
33930	34036	1463
34416	34535	1570
35323	35387	1690
36887	36928	1755
37824	37868	1797
38656	38720	1842
39321	39391	1907
39843	39886	1978
40184	40207	2022
0	53	0
1058	2878	54
4303	4433	1875
5035	5123	2006
6024	6477	2095
0	249	0
2287	2367	250
25329	25470	331
38300	38389	473
40175	40306	563
43053	43250	695
43771	43853	893
45481	45553	976
52120	52191	1049
57233	57331	1121
57997	58046	1220
61980	62064	1270
63304	63379	1355
0	40	0
534	696	41
3172	3374	204
3761	3908	407
5122	5189	555
0	52	0
487	649	53
3125	3327	216
3714	3861	419
5075	5139	567
0	188	0
991	1157	189
1275	1318	356
1984	2554	400
3240	3339	971
0	121	0
506	525	122
547	629	142
875	984	225
1442	1620	335
3071	3144	514
3468	3622	588
4640	4784	743
6075	6227	888
6879	6982	1041
7821	7926	1145
0	66	0
4656	4784	67
6274	6426	196
6863	7125	349
7309	7446	612
7859	8024	750
8406	8876	916
0	79	0
575	634	80
636	726	140
953	1075	231
1627	1824	354
1917	2047	552
2351	2458	683
2801	2918	791
3348	3534	909
4065	4268	1096
4429	4626	1300
5113	5377	1498
0	169	0
348	552	170
725	923	375
1896	2088	574
2552	4356	767
4929	5011	2572
5298	5440	2655
6160	6920	2798
0	175	0
264	378	176
526	852	291
1090	1291	618
1397	1492	820
1572	1693	916
1875	1907	1038
2209	2295	1071
2382	2459	1158
3042	3126	1236
3438	3541	1321
3662	3877	1425
3995	4116	1641
4430	4623	1763
4739	4813	1957
4938	5131	2032
5518	5628	2226
17672	18364	2337
0	2755	0
3312	3446	2756
5367	5402	2891
5490	5540	2927
6359	6421	2978
7045	7193	3041
0	1138	0
1411	1506	1139
1771	1881	1235
2056	2184	1346
2281	2393	1475
2771	2853	1588
3482	4350	1671
0	866	0
1310	1401	867
1993	2208	959
2549	2739	1175
0	1346	0
5277	5485	1347
5839	5919	1556
6135	6273	1637
0	1023	0
1377	1457	1024
1673	1813	1105
0	40	0
495	615	41
1040	1189	162
1540	1680	312
2028	2107	453
2388	2518	533
2919	2988	664
3452	3610	734
0	24	0
463	599	25
1024	1173	162
1524	1664	312
2012	2091	453
2372	2502	533
2903	2972	664
3436	3594	734
0	599	0
1024	1173	600
1524	1664	750
2012	2091	891
2372	2502	971
2903	2972	1102
3436	3602	1172
0	599	0
1024	1173	600
1524	1664	750
2012	2091	891
2372	2502	971
2903	2972	1102
3436	3605	1172
0	21	0
476	596	22
1021	1170	143
1521	1661	293
2009	2088	434
2388	2499	514
2900	2969	626
3433	3591	696
0	21	0
476	596	22
1021	1037	143
2917	2969	160
3433	3599	213
0	100	0
381	501	101
926	1075	222
1426	1566	372
1914	1993	513
2274	2404	593
2805	2874	724
3338	3504	794
0	74	0
0	150	0
501	641	151
989	1068	292
1349	1479	372
1880	1949	503
2413	2571	573
0	76	0
0	66	0
347	477	67
878	947	198
1411	1577	268
0	72	0
0	435	0
726	807	436
1090	1252	518
1559	1631	681
2150	2341	754
2433	2515	946
2887	3014	1029
3133	3211	1157
3466	3623	1236
0	432	0
723	804	433
1087	1249	515
1556	1628	678
2147	2338	751
2430	2512	943
2884	3067	1026
3130	3208	1210
3463	3561	1289
0	136	0
389	543	137
723	826	292
1251	1454	396
2047	2216	600
2989	3078	770
0	2877	0
3179	3365	2878
4336	4379	3065
4989	5065	3109
6210	6396	3186
13066	13202	3373
0	987	0
7657	7793	988
0	14	0
110	205	15
669	713	111
1027	1101	156
1757	1861	231
2293	2363	336
2557	2672	407
3169	3281	523
3374	3534	636
4033	4163	797
4803	4886	928
5837	5953	1012
6515	6649	1129
7244	7372	1264
7788	7916	1393
8827	8955	1522
9459	9596	1651
9959	10038	1789
10911	10958	1869
0	104	0
849	923	105
1612	1686	180
2007	2095	255
2518	2711	344
2914	3069	538
3353	3408	694
3553	3807	750
0	74	0
379	445	75
2271	2410	142
2822	2905	282
2991	3115	366
3449	3595	491
3904	4038	638
4589	4739	773
5394	5498	924
5925	6076	1029
6195	6258	1181
6750	6876	1245
7100	7245	1372
8116	8236	1518
8928	9008	1639
9278	9459	1720
9898	10033	1902
11786	11915	2038
12111	12300	2168
15047	15172	2358
15480	15792	2484
16136	16282	2797
17284	17468	2944
17745	17903	3129
0	44	0
93	177	45
2003	2142	130
2554	2637	270
2723	2847	354
3181	3327	479
3636	3770	626
4321	4471	761
5126	5230	912
5657	5808	1017
5927	5990	1169
6482	6608	1233
6832	6977	1360
7848	7968	1506
8660	8740	1627
9010	9191	1708
9630	9765	1890
11518	11647	2026
11843	12032	2156
12296	12403	2346
12442	12478	2454
12734	12877	2491
13233	13362	2635
13962	14141	2765
14700	14904	2945
15212	15524	3150
15868	16014	3463
16503	16679	3610
17016	17200	3787
17477	17635	3972
0	375	0
4034	4106	376
4468	4593	449
4679	4786	575
5211	6223	683
0	167	0
253	398	168
662	835	314
1049	1157	488
1295	1447	597
1583	1794	750
2020	2119	962
2693	2899	1062
2980	3142	1269
3534	3634	1432
0	534	0
1441	1557	535
2147	2295	652
4191	4305	801
6511	6813	916
0	38	0
114	120	39
145	202	46
1109	1220	104
1838	1980	216
2553	2628	359
3008	3110	435
4599	4744	538
4843	4966	684
5509	5589	808
6486	6661	889
7168	7507	1065
8184	8244	1405
8257	8565	1466
12430	12533	1775
13722	13848	1879
14705	14918	2006
15688	15739	2220
15942	15985	2272
16728	16898	2316
16968	17190	2487
19359	19477	2710
0	104	0
722	864	105
1437	1512	248
1892	1994	324
3483	3628	427
3727	3850	573
4393	4473	697
5370	5545	778
6052	6391	954
7068	7449	1294
11314	11417	1676
12606	12732	1780
13589	13802	1907
14768	14869	2121
15612	15782	2223
15852	16028	2394
16996	17140	2571
18243	18361	2716
0	53	0
153	295	54
868	943	197
1323	1425	273
2914	3059	376
3158	3281	522
3824	3904	646
4801	4976	727
5483	5822	903
6499	6880	1243
10745	10848	1625
12037	12163	1729
13020	13233	1856
14199	14300	2070
15043	15213	2172
15283	15459	2343
16427	16571	2520
17674	17792	2665
0	202	0
775	850	203
1230	1332	279
2821	2966	382
3065	3188	528
3731	3811	652
4708	4883	733
5390	5729	909
6406	6787	1249
10652	10755	1631
11944	12070	1735
12927	13140	1862
14202	14357	2076
14950	15120	2232
15190	15366	2403
16334	16478	2580
17581	17699	2725
0	262	0
1188	1313	263
0	53	0
1580	1996	54
2106	2221	471
10051	10170	587
0	43	0
700	926	44
0	341	0
2097	2243	342
3032	3289	489
4109	4285	747
4724	4826	924
5857	5962	1027
6683	6854	1133
6932	6970	1305
7375	7434	1344
7987	8114	1404
8558	8717	1532
10675	10809	1692
0	341	0
2097	2243	342
3032	3289	489
4109	4285	747
4724	4826	924
5857	5957	1027
6627	6681	1128
6697	6808	1183
6842	6878	1295
6932	6970	1332
7375	7434	1371
7987	8114	1431
8558	8717	1559
10675	10742	1719
10754	10988	1787
0	125	0
1932	2067	126
2482	2650	262
2897	3059	431
5931	6024	594
6306	6453	688
7828	7941	836
8184	8322	950
8875	8988	1089
9325	9408	1203
10345	10486	1287
12339	12429	1429
12532	12618	1520
14047	14169	1607
14707	14818	1730
15858	15958	1842
16072	16195	1943
16690	16869	2067
17186	17364	2247
17958	18273	2426
0	125	0
1932	2067	126
2482	2650	262
2897	3045	431
5902	5921	580
5943	6024	600
6306	6453	682
7828	7941	830
8184	8322	944
8875	8988	1083
9325	9408	1197
10345	10486	1281
12339	12429	1423
12532	12618	1514
14047	14169	1601
14707	14818	1724
15858	15958	1836
16072	16195	1937
16690	16869	2061
17186	17364	2241
17958	18273	2420
0	14	0
844	988	15
1403	1571	160
1818	1966	329
4823	4842	478
4864	4945	498
5227	5374	580
6749	6862	728
7105	7243	842
7796	7909	981
8246	8329	1095
9266	9407	1179
11260	11350	1321
11453	11539	1412
12968	13097	1499
13635	13739	1629
14779	14853	1734
0	155	0
402	465	156
2318	2408	220
2511	2597	311
4026	4148	398
4686	4797	521
5837	5937	633
6051	6174	734
6669	6848	858
7165	7343	1038
7937	8252	1217
0	909	0
1420	1574	910
4082	4205	1065
4294	4381	1189
4467	4583	1277
5329	5381	1394
5726	5800	1447
5986	6113	1522
7034	7055	1650
7336	7352	1672
7891	7979	1689
8067	8168	1778
8427	8536	1880
9481	9613	1990
9901	9986	2123
11825	11911	2209
13945	14013	2296
14432	14527	2365
15348	15447	2461
17881	17981	2561
18560	18628	2662
19807	19905	2731
21522	21624	2830
26411	26479	2933
36233	36291	3002
75765	75881	3061
97693	98269	3178
0	47	0
558	712	48
3220	3343	203
3432	3519	327
3605	3721	415
4467	4519	532
4864	4938	585
5124	5251	660
6172	6193	788
7012	7117	810
7205	7306	916
7565	7674	1018
8619	8751	1128
9039	9124	1261
10963	11049	1347
13083	13151	1434
13570	13665	1503
14486	14585	1599
17019	17119	1699
17698	17766	1800
18945	19043	1869
20660	20762	1968
25549	25617	2071
35371	35429	2140
74903	75019	2199
96831	97034	2316
0	269	0
0	357	0
459	815	358
0	115	0
930	1058	116
2904	3196	245
3719	3954	538
4784	4975	774
5485	5613	966
9039	9410	1095
11110	11324	1467
12324	12471	1682
13437	13574	1830
15682	15882	1968
0	125	0
1644	1834	126
2689	2797	317
4080	4153	426
5071	5160	500
5739	5828	590
6188	6271	680
7268	7323	764
7444	7490	820
8314	8389	867
8937	8970	943
9437	9511	977
9909	9996	1052
10867	11780	1140
0	80	0
935	1078	81
3317	3406	225
3985	4074	315
4434	4517	405
5514	5569	489
5669	5705	545
7683	7757	582
8155	8242	657
9113	9213	745
0	127	0
0	517	0
1605	1745	518
1868	2159	659
0	66	0
51229	51494	67
55114	55264	333
56046	56225	484
62797	62961	664
66901	67034	829
69328	69460	963
70867	70958	1096
71818	71923	1188
73781	74405	1294
0	290	0
360	366	291
923	1059	298
0	99	0
27475	27642	100
32416	32629	268
33234	33396	482
54643	54774	645
56651	56797	777
56943	57191	924
61099	61245	1173
61526	61582	1320
64673	64714	1377
65011	65073	1419
71296	71370	1482
72897	72989	1557
75464	75520	1650
75652	75705	1707
75928	75981	1761
76717	76770	1815
78054	78107	1869
78892	78945	1923
80293	80337	1977
82419	82472	2022
83563	83607	2076
84076	84129	2121
84707	84751	2175
85904	85957	2220
88374	88418	2274
89700	89753	2319
90922	90966	2373
92036	92089	2418
93422	93529	2472
93818	93871	2580
95209	95262	2634
98692	98736	2688
99101	99154	2733
100041	100085	2787
100687	100740	2832
101334	101387	2886
104865	104918	2940
107072	107236	2994
108450	108557	3159
110208	110300	3267
110398	110451	3360
110538	110645	3414
111060	111113	3522
111436	111543	3576
112629	112682	3684
112955	113008	3738
113472	113525	3792
113947	114000	3846
114726	114833	3900
115279	115332	4008
115430	115483	4062
115812	115919	4116
116358	116411	4224
116800	116835	4278
117635	117688	4314
118001	118259	4368
118626	118738	4627
119932	120000	4740
123577	123810	4809
125842	125988	5043
0	99	0
27475	27642	100
32416	32629	268
33234	33396	482
54643	54774	645
56651	56797	777
56943	57191	924
61099	61245	1173
61526	61582	1320
64673	64714	1377
65011	65073	1419
71296	71370	1482
72897	72989	1557
75464	75520	1650
75652	75705	1707
75928	75981	1761
76717	76770	1815
78054	78107	1869
78892	78945	1923
80293	80337	1977
82419	82472	2022
83563	83607	2076
84076	84129	2121
84707	84751	2175
85904	85957	2220
88374	88418	2274
89700	89753	2319
90922	90966	2373
92036	92089	2418
93422	93529	2472
93818	93871	2580
95209	95262	2634
98692	98736	2688
99101	99154	2733
100041	100085	2787
100687	100740	2832
101334	101387	2886
104865	104918	2940
105982	106089	2994
106215	106304	3102
106381	106434	3192
107057	107164	3246
108450	108557	3354
109145	109198	3462
109944	109997	3516
110193	110300	3570
110398	110451	3678
110538	110645	3732
111060	111113	3840
111436	111543	3894
112629	112682	4002
112955	113008	4056
113472	113525	4110
113947	114000	4164
114726	114833	4218
115279	115332	4326
115430	115483	4380
115812	115919	4434
116358	116411	4542
116800	116835	4596
117635	117688	4632
118001	118259	4686
118626	118738	4945
119932	120000	5058
123577	123810	5127
125842	128732	5361
0	763	0
12523	12594	764
0	316	0
4645	4805	317
0	667	0
10661	10810	668
15629	15784	818
17445	17809	974
0	179	0
10173	10322	180
15141	15296	330
17525	17744	486
22438	22544	706
25311	26465	813
0	217	0
1900	2049	218
6868	7023	368
9252	9471	524
14165	14271	744
17038	18192	851
0	1803	0
1852	4025	1804
0	502	0
831	909	503
989	1109	582
0	34	0
114	182	35
270	399	104
857	1731	234
0	180	0
638	1511	181
0	366	0
807	854	367
1362	1408	415
1818	1904	462
3427	4214	549
0	333	0
774	821	334
1785	1871	382
3394	4183	469
0	140	0
0	132	0
0	96	0
0	132	0
0	1210	0
1357	1533	1211
1694	1801	1388
2909	3043	1496
4567	4634	1631
4763	4791	1699
0	1194	0
1341	1517	1195
1678	1787	1372
2896	3030	1482
4916	4994	1617
0	187	0
3418	3551	188
3785	3960	322
4069	4164	498
5253	5325	594
6074	6202	667
6783	6904	796
0	336	0
1747	1909	337
2193	2257	500
2978	3142	565
4210	4305	730
4997	5109	826
5199	5321	939
6632	6819	1062
9341	9395	1250
0	336	0
1747	1909	337
2193	2257	500
2978	3142	565
4210	5109	730
5199	5321	1630
6634	6830	1753
11051	11117	1950
14484	14637	2017
0	290	0
1701	1863	291
2147	2211	454
2932	3096	519
4164	4259	684
4951	5063	780
5153	5275	893
6586	6773	1016
10994	11062	1204
14429	14579	1273
0	282	0
1693	1859	283
2143	2203	450
2924	3088	511
4156	4251	676
4943	5055	772
5145	5267	885
6578	6765	1008
10986	11054	1196
12199	12420	1265
0	83	0
0	169	0
11745	12007	170
12478	12816	433
15234	15356	772
15487	15720	895
15840	15995	1129
16078	16263	1285
16642	16755	1471
17382	17495	1585
18464	18697	1699
18970	19080	1933
19760	19952	2044
20039	20184	2237
20423	20536	2383
21320	21439	2497
21541	21693	2617
22030	22258	2770
22380	22581	2999
22681	22834	3201
22970	23154	3355
23300	23432	3540
23745	24002	3673
24094	24206	3931
24620	25191	4044
25950	26378	4616
27171	27319	5045
27919	28135	5194
28481	28571	5411
28802	28967	5502
29714	30009	5668
30262	30409	5964
30502	30599	6112
30836	34026	6210
0	2582	0
3351	3830	2583
4385	4530	3063
6534	6619	3209
7401	7536	3295
8033	8231	3431
9302	9479	3630
10152	10294	3808
10484	10545	3951
10752	10890	4013
11136	11378	4152
11680	11777	4395
12212	12293	4493
12483	12600	4575
12823	12934	4693
13112	13217	4805
13448	13588	4911
13698	13811	5052
14481	14685	5166
14865	15113	5371
15512	15600	5620
16569	16616	5709
16803	16961	5757
17434	17511	5916
17684	17740	5994
18029	18140	6051
18475	18612	6163
19217	19317	6301
19727	19801	6402
20521	20580	6477
21435	21509	6537
21888	21956	6612
0	2582	0
3351	3830	2583
4385	4530	3063
6534	6619	3209
7401	7536	3295
8033	8231	3431
9302	9479	3630
10152	10294	3808
10484	10545	3951
10752	10890	4013
11136	11378	4152
11680	11777	4395
12212	12293	4493
12483	12600	4575
12823	12934	4693
13112	13217	4805
13448	13588	4911
13698	13811	5052
14481	14685	5166
14865	15113	5371
15512	15600	5620
16569	16616	5709
16803	16961	5757
17434	17511	5916
17684	17740	5994
18029	18140	6051
18475	18612	6163
19217	19317	6301
19727	19801	6402
21435	21509	6477
21888	21956	6552
0	856	0
1779	1902	857
2614	2711	981
3330	3454	1079
3609	3728	1204
4117	4224	1324
4647	4808	1432
5353	5468	1594
5908	6044	1710
6797	6929	1847
0	1149	0
1496	1640	1150
1970	2032	1295
2293	2383	1358
2827	2945	1449
3203	3295	1568
3469	3732	1661
4083	4183	1925
4337	4431	2026
4697	4779	2121
5065	5144	2204
5224	5426	2284
5508	5568	2487
0	1146	0
1493	1637	1147
1967	2029	1292
2290	2380	1355
2824	2906	1446
0	356	0
449	522	357
1138	1249	431
1375	1437	543
1547	1686	606
1917	2010	746
0	157	0
898	958	158
1144	1302	219
1847	1972	378
2437	2515	504
3087	3168	583
4004	4108	665
4523	4595	770
4909	5073	843
5296	5443	1008
6161	6267	1156
6540	6634	1263
7378	7472	1358
8696	8781	1453
8958	8987	1539
9313	9615	1569
10043	10125	1872
10176	10263	1955
10463	10706	2043
10808	10878	2287
11187	11261	2358
11521	11548	2433
11944	12435	2461
12613	13198	2953
13340	14012	3539
0	183	0
554	691	184
805	1130	322
1575	1754	648
1939	2088	828
2508	2633	978
2753	2944	1104
3416	3457	1296
4069	4114	1338
5216	5289	1384
6180	6262	1458
6345	6441	1541
0	246	0
939	1612	247
0	243	0
309	628	244
0	188	0
348	556	189
1977	2136	398
14822	15001	558
17334	17404	738
27454	27580	809
30176	30284	936
31412	31567	1045
31806	31921	1201
32752	32875	1317
33746	33888	1441
34183	34318	1584
34769	34990	1720
49806	49864	1942
0	78	0
704	840	79
968	1155	216
1706	1793	404
2030	2200	492
0	59	0
223	370	60
4033	4133	208
4354	4402	309
5293	5401	358
5592	5682	467
7152	7297	558
7649	7792	704
9766	9895	848
12163	12285	978
13285	13435	1101
16306	16494	1252
18551	19101	1441
0	255	0
3918	4018	256
4239	4287	357
5178	5286	406
5477	5567	515
7037	7182	606
7534	7677	752
9651	9780	896
12048	12170	1026
13170	13320	1149
16191	16379	1300
18436	18986	1489
0	6	0
591	691	7
912	960	108
1854	1959	157
2150	2240	263
3710	3855	354
4207	4350	500
6324	6453	644
8721	8843	774
9843	9993	897
12864	13052	1048
15109	15659	1237
0	69	0
2385	2556	70
2734	2936	242
3090	3241	445
3329	3500	597
5092	5516	769
0	862	0
2501	2593	863
0	193	0
1087	1200	194
3038	4097	308
0	174	0
40706	41632	175
46154	46321	1102
48030	48135	1270
48395	48492	1376
49527	50135	1474
0	432	0
6037	6157	433
7628	7701	554
8307	8336	628
8964	9071	658
9584	9686	766
10376	10484	869
11790	12021	978
13114	13200	1210
13341	13479	1297
15736	15851	1436
0	325	0
5930	6050	326
7521	7594	447
8857	8964	521
9477	9579	629
10269	10377	732
11683	11914	841
13007	13093	1073
13234	13372	1160
15629	16348	1299
0	109	0
0	8	0
5789	5951	9
13278	13540	172
13730	13891	435
14122	14202	597
15153	15185	678
18176	18317	711
18843	18982	853
19079	19175	993
19603	19780	1090
20489	20583	1268
21174	21258	1363
21644	24080	1448
24768	24904	3885
24991	25199	4022
25284	25386	4231
25738	25853	4334
26087	26205	4450
26453	27552	4569
0	289	0
640	802	290
8129	8391	453
8581	8742	716
8973	9053	878
13027	13168	959
13694	13833	1101
13930	14026	1241
14454	14631	1338
15340	15434	1516
16025	16109	1611
16495	18931	1696
19619	19755	4133
19842	20050	4270
20135	20237	4479
20589	20704	4582
20938	21056	4698
21304	22403	4817
0	474	0
589	673	475
3954	4257	560
4836	4856	864
5082	5210	885
5514	5597	1014
5670	5771	1098
6329	6440	1200
6720	6854	1312
7149	7220	1447
7384	7556	1519
7633	7738	1692
7849	8065	1798
8884	9122	2015
9218	9367	2254
9965	10073	2404
10312	10420	2513
10501	10564	2622
10729	10865	2686
11092	11256	2823
11398	11578	2988
12005	12099	3169
12310	12393	3264
12585	12659	3348
12967	13026	3423
13182	13230	3483
13672	13728	3532
14174	14273	3589
14859	14938	3689
18743	18784	3769
25987	26223	3811
0	120	0
235	319	121
2277	2339	206
3600	3903	269
4482	4502	573
4728	4856	594
5160	5243	723
5316	5417	807
5975	6086	909
6366	6500	1021
6795	6866	1156
7030	7202	1228
7279	7384	1401
7495	7700	1507
0	48	0
618	797	49
10959	11104	229
0	54	0
643	1956	55
0	1807	0
2273	2413	1808
2526	2635	1949
3488	3679	2059
4231	4373	2251
4484	4593	2394
5044	5172	2504
5593	5706	2633
6228	6372	2747
6516	6710	2892
0	5	0
899	994	6
3096	3244	102
5483	5542	251
6137	6182	311
6365	6414	357
6860	6962	407
0	131	0
2233	2381	132
4620	4679	281
5274	5319	341
5502	5551	387
5997	6624	437
0	44	0
589	758	45
2997	3056	215
3651	3696	275
3879	3928	321
4374	4476	371
0	23	0
62	210	24
2449	2508	173
3103	3148	233
3331	3380	279
3826	3928	329
0	345	0
438	533	346
610	695	442
807	894	528
984	1136	616
1232	1299	769
1436	1556	837
2176	2244	958
2357	2439	1027
0	345	0
438	533	346
610	695	442
807	894	528
984	1136	616
1232	1299	769
1436	1556	837
2176	2244	958
2573	2608	1027
2672	2820	1063
2894	2994	1212
3082	3177	1313
3280	3361	1409
3741	3896	1491
4858	4911	1647
0	1188	0
1944	2092	1189
2668	2845	1338
3212	3649	1516
3914	3979	1954
4255	4326	2020
5789	5950	2092
6925	7023	2254
8674	8758	2353
9289	9510	2438
0	129	0
3292	3430	130
3994	4077	269
4436	4525	353
4829	4915	443
5104	5209	530
5301	5375	636
5603	5705	711
6355	6406	814
7038	7119	866
7581	7643	948
8003	8155	1011
9050	9255	1164
9761	9932	1370
10259	10354	1542
10811	10970	1638
11314	11389	1798
11537	11749	1874
11910	11999	2087
12578	12638	2177
13168	13389	2238
13792	13931	2460
14594	14670	2600
15107	15197	2677
15840	16040	2768
16600	16665	2969
16991	17120	3035
17969	18118	3165
18298	18504	3315
19010	19213	3522
19790	19990	3726
20200	20315	3927
20394	20520	4043
21188	21293	4170
21590	21680	4276
22142	22224	4367
23250	23341	4450
23832	23902	4542
24512	24674	4613
25326	25518	4776
26337	26401	4969
0	129	0
392	530	130
1094	1177	269
1536	1625	353
1929	2015	443
2204	2309	530
2401	2475	636
2703	2805	711
3455	3506	814
4138	4219	866
4681	4743	948
5103	5255	1011
6150	6355	1164
6861	7032	1370
7359	7454	1542
7911	8070	1638
8414	8489	1798
8637	8849	1874
9010	9099	2087
9678	9738	2177
10268	10489	2238
10892	11031	2460
11694	11770	2600
12207	12297	2677
12940	13140	2768
13700	13765	2969
14091	14220	3035
15069	15218	3165
15398	15604	3315
16110	16313	3522
16890	17090	3726
17300	17415	3927
17494	17620	4043
18288	18393	4170
18690	18780	4276
19242	19324	4367
20350	20441	4450
20932	21002	4542
21612	21774	4613
22426	22618	4776
23437	23501	4969
0	10	0
1215	1291	11
1728	1818	88
2461	2661	179
3221	3286	380
3612	3741	446
4590	4739	576
4919	5125	726
5631	5834	933
6411	6611	1137
6821	6936	1338
7015	7141	1454
7809	7914	1581
8211	8301	1687
8763	8845	1778
9871	9962	1861
10453	10523	1953
11133	11295	2024
11947	12139	2187
12958	13022	2380
0	200	0
1533	1785	201
2211	2344	454
2858	2988	588
4092	4233	719
4999	5185	861
5293	5486	1048
7177	7296	1242
8052	8277	1362
8730	8839	1588
9064	9258	1698
11382	11535	1893
12330	12550	2047
13074	13250	2268
14130	14264	2445
14991	15136	2580
15570	15750	2726
16576	16755	2907
17034	17213	3087
17799	17915	3267
18334	18475	3384
19298	19437	3526
19696	19873	3666
20116	20426	3844
20704	20912	4155
21096	21288	4364
21627	21757	4557
21889	22029	4688
22225	22351	4829
22886	23050	4956
23839	23998	5121
24840	24955	5281
25177	25394	5397
25787	25944	5615
26530	26603	5773
27179	27367	5847
28234	28459	6036
28767	28972	6262
29275	29415	6468
29666	29941	6609
30040	30102	6885
30690	30896	6948
31170	31278	7155
31854	32184	7264
0	1	0
823	942	2
1698	1923	122
2376	2485	348
2710	2904	458
5028	5181	653
5976	6196	807
6720	6896	1028
7776	7910	1205
8637	8782	1340
9216	9396	1486
10222	10401	1667
10680	10859	1847
11445	11561	2027
11980	12121	2144
12944	13083	2286
13342	13519	2426
13762	14072	2604
14350	14558	2915
14742	14934	3124
15273	15403	3317
15535	15675	3448
15871	15997	3589
16532	16696	3716
17485	17644	3881
18486	18601	4041
18823	19040	4157
19433	19590	4375
20176	20249	4533
20825	21013	4607
21880	22105	4796
22413	22618	5022
22921	23061	5228
23312	23587	5369
23686	23748	5645
24336	24542	5708
24816	24924	5915
0	2100	0
2435	2465	2101
2795	2882	2132
3745	3811	2220
4930	5107	2287
6566	6619	2465
7224	7282	2519
15008	15194	2578
0	58	0
0	299	0
14157	14358	300
15324	15478	502
16486	16647	657
16883	17032	819
17318	17407	969
18269	18401	1059
18860	18948	1192
19766	19981	1281
20800	20933	1497
21687	21777	1631
22178	22348	1722
23156	23330	1893
23618	23742	2068
24161	24238	2193
24753	24813	2271
25244	25413	2332
0	339	0
13713	13914	340
14880	15034	542
16042	16203	697
16439	16588	859
16874	16963	1009
17825	17957	1099
18416	18504	1232
19322	19537	1321
20356	20489	1537
21243	21333	1671
21734	21904	1762
22712	22886	1933
23174	23298	2108
23717	23794	2233
24309	24369	2311
24800	24969	2372
0	200	0
1455	1656	201
2622	2776	403
3784	3945	558
4181	4330	720
4616	4705	870
5567	5699	960
6158	6246	1093
7064	7279	1182
8098	8231	1398
8985	9075	1532
9476	9646	1623
10454	10628	1794
10916	11040	1969
11459	11536	2094
12051	12111	2172
12542	13002	2233
0	211	0
1030	1163	212
1917	2007	346
2408	2578	437
3386	3560	608
3848	3972	783
4391	4468	908
4983	5043	986
5474	5946	1047
0	980	0
2021	2155	981
2665	2868	1116
5509	5591	1320
5968	6040	1403
6793	6896	1476
10041	10114	1580
0	972	0
2013	2147	973
2657	2860	1108
5501	5524	1312
0	141	0
15238	15341	142
34475	34593	246
86334	86487	365
89507	89605	519
91669	92223	618
99478	99622	1173
101604	101748	1318
105238	105474	1463
106669	106870	1700
107459	107637	1902
109106	109982	2081
112237	112389	2958
115359	115561	3111
116261	116348	3314
118509	118676	3402
0	141	0
15238	15341	142
34475	34593	246
86334	86487	365
89507	89605	519
91669	92223	618
99478	99622	1173
101604	101748	1318
105238	105474	1463
106669	106870	1700
107459	107637	1902
109172	109982	2081
112237	112389	2892
115359	115561	3045
116261	116348	3248
118509	118579	3336
119824	119833	3407
0	345	0
4230	4336	346
6537	6794	453
20195	20313	711
20816	20911	830
21473	22048	926
26900	27033	1502
28509	28656	1636
0	174	0
2375	2632	175
16033	16151	433
16654	16749	552
17311	17886	648
22738	22871	1224
24347	24443	1358
29013	29396	1455
0	201	0
2381	2452	202
19780	19872	274
20492	20550	367
21145	21253	426
21359	21500	535
21796	21956	677
22691	22909	838
0	103	0
632	1121	104
0	2687	0
3218	3417	2688
0	251	0
692	857	252
1627	1665	418
0	234	0
675	840	235
1610	1773	401
1851	2000	565
0	46	0
117	264	47
341	452	195
915	1046	307
12023	12134	439
13145	13463	551
0	208	0
570	744	209
1586	1681	384
1758	1858	480
3838	4058	581
8408	8529	802
8606	8760	924
8824	8889	1079
8901	8913	1145
0	167	0
0	311	0
1153	1248	312
1325	1425	408
3405	3625	509
7975	8096	730
8173	8358	852
8462	9193	1038
0	1899	0
3044	3132	1900
4956	5038	1989
5756	5881	2072
10656	10804	2198
0	638	0
1783	1868	639
3691	3777	725
4495	4621	812
9362	9529	939
0	626	0
1771	1856	627
3679	3765	713
4483	4609	800
9384	9575	927
0	233	0
785	966	234
1281	1436	416
2632	2750	572
4500	4591	691
9169	9328	783
10437	11481	943
0	25	0
577	758	26
1073	1228	208
2424	2542	364
4292	4383	483
4955	5131	575
0	16	0
568	749	17
1064	1219	199
2415	2533	355
4283	4374	474
5167	6239	566
0	13	0
565	746	14
1061	1216	196
2412	2530	352
4280	4371	471
8949	9108	563
10217	10383	723
10629	10859	890
0	182	0
497	652	183
1848	1966	339
3716	3807	458
8385	8544	550
9653	10001	710
0	168	0
482	638	169
1832	1951	326
3701	3796	446
8375	8529	542
9638	9970	697
0	142	0
3552	3668	143
3751	3891	260
4432	4575	401
4737	4918	545
5017	5100	727
5236	5482	811
5918	6204	1058
6691	6838	1345
6918	7305	1493
0	306	0
389	529	307
1070	1213	448
1375	1556	592
1655	1738	774
1874	2120	858
2556	2842	1105
3329	3476	1392
3556	3943	1540
0	453	0
1430	1634	454
0	1805	0
2400	2581	1806
3000	3174	1988
3556	3660	2163
4054	4076	2268
0	198	0
806	954	199
1662	1769	348
2292	2426	456
2791	2872	591
3299	3383	673
3545	3758	758
5105	5260	972
6364	6534	1128
6953	7380	1299
8448	8662	1727
9397	9705	1942
10307	10419	2251
10764	10882	2364
11136	11268	2483
11646	11846	2616
12283	12458	2817
13044	13277	2993
13730	13847	3227
15245	15541	3345
0	115	0
0	89	0
0	1539	0
0	653	0
42904	42920	654
0	3492	0
5317	5376	3493
5622	5672	3553
0	758	0
6688	6889	759
11585	11819	961
12334	12538	1196
13021	13195	1401
13514	13671	1576
14813	14923	1734
15969	16035	1845
16364	16466	1912
16959	17128	2015
18985	19159	2185
20926	21019	2360
23859	24009	2454
43947	44060	2605
44964	45038	2719
47239	47364	2794
47943	48086	2920
49641	49682	3064
50037	50165	3106
52573	52665	3235
53248	53358	3328
56023	56127	3439
56585	56668	3544
57457	57528	3628
58034	58231	3700
59043	59165	3898
0	201	0
4897	5131	202
5646	5850	437
6333	6507	642
6826	6983	817
8125	8235	975
9281	9347	1086
9676	9778	1153
10271	10440	1256
12297	12471	1426
14238	14331	1601
17171	17321	1695
37259	37372	1846
38276	38350	1960
40551	40676	2035
41255	41398	2161
42953	42994	2305
43349	43477	2347
45885	45977	2476
46560	46670	2569
47813	47887	2680
0	105	0
414	2053	106
0	746	0
782	1147	747
0	146	0
3839	5381	147
0	3696	0
6349	6393	3697
8028	8151	3742
9831	9971	3866
10783	10917	4007
12326	12484	4142
14098	14297	4301
15114	15206	4501
15794	15905	4594
16339	16436	4706
17121	17232	4804
18046	18141	4916
18560	18654	5012
23907	24051	5107
26490	26655	5252
29598	29749	5418
30490	30707	5570
33557	33728	5788
0	3696	0
6349	6393	3697
8028	8151	3742
9831	9971	3866
10783	10917	4007
12326	12484	4142
14098	14297	4301
15114	15206	4501
15794	15905	4594
16339	16436	4706
17121	17232	4804
18046	18141	4916
18560	18654	5012
23907	24051	5107
26490	26655	5252
30490	30707	5418
33557	33728	5636
0	421	0
3078	3132	422
4767	4893	477
6570	6710	604
7522	7656	745
9065	9223	880
10837	11033	1039
11849	11946	1236
12533	12644	1334
13078	13293	1446
0	76	0
2729	2773	77
4408	4534	122
6211	6351	249
7163	7297	390
8706	8864	525
10478	10677	684
11494	11586	884
12174	12285	977
12719	12816	1089
13501	13612	1187
14426	14521	1299
14940	15031	1395
20287	20431	1487
22870	23035	1632
26870	27087	1798
27204	27206	2016
0	695	0
2936	3131	696
3670	3809	892
4274	4456	1032
4970	5083	1215
15643	16587	1329
17072	17628	2274
18413	18578	2831
19382	20249	2997
20944	21060	3865
21532	21658	3982
24765	24992	4109
0	1322	0
1975	2230	1323
3882	4010	1579
11005	11093	1708
29577	29708	1797
35004	35060	1929
36114	36185	1986
37716	37756	2058
38312	38399	2099
38731	38832	2187
66338	66463	2289
72328	72429	2415
80167	80212	2517
89064	89164	2563
94064	94174	2664
100603	100656	2775
102801	102881	2829
104000	104069	2910
126199	126318	2980
129745	129794	3100
146486	146529	3150
170689	170759	3194
175151	175167	3265
0	1322	0
1975	2230	1323
11005	11093	1579
15536	15595	1668
29577	29708	1728
35004	35060	1860
36114	36185	1917
37716	37756	1989
38312	38399	2030
38731	38832	2118
66338	66463	2220
72328	72429	2346
80167	80212	2448
89064	89164	2494
94064	94174	2595
100603	100656	2706
102801	102881	2760
104000	104069	2841
126199	126318	2911
129745	129794	3031
146486	146529	3081
170689	170759	3125
175151	175167	3196
0	138	0
0	1292	0
2003	2048	1293
10900	11000	1339
15900	16010	1440
22439	22492	1551
24637	24717	1605
25836	25905	1686
48035	48154	1756
51581	51630	1876
68322	68365	1926
92525	92595	1970
96987	97139	2041
0	184	0
0	172	0
0	151	0
14110	14315	152
14829	15211	358
22454	22659	741
29269	30060	947
0	125	0
2940	3145	126
3659	4041	332
11284	11489	715
18099	18445	921
0	115	0
6048	6253	116
12863	13654	322
0	50	0
16219	16343	51
21586	21726	176
22013	22075	317
23829	23939	380
27290	27398	491
28633	28740	600
37464	37558	708
41459	41572	803
44156	46185	917
0	124	0
5367	5507	125
5794	5856	266
7610	7720	329
11071	11179	440
12414	12521	549
21245	21339	657
25240	25353	752
27704	27797	866
0	47	0
158	298	48
585	647	189
2401	2511	252
5862	5970	363
7205	7312	472
16036	16130	580
20031	20144	675
22728	22838	789
0	606	0
1945	2096	607
12716	12774	759
17994	18109	818
19087	19227	934
19695	19792	1075
19924	20017	1173
20109	20208	1267
0	573	0
1912	2063	574
12683	12741	726
17962	18076	785
19054	19194	900
19662	19780	1041
19891	19984	1160
20076	20154	1254
0	228	0
1567	1718	229
12338	12396	381
17616	17731	440
18709	18849	556
19317	19390	697
0	29	0
71	93	30
5313	5428	53
6406	6546	169
7014	7111	310
7243	7336	408
7428	7489	502
0	71	0
159	222	72
461	691	136
765	1418	367
2038	2136	1021
2617	2702	1120
3052	3333	1206
4569	4680	1488
4851	4985	1600
5300	5420	1735
6019	6124	1856
6384	6439	1962
6877	7003	2018
7116	7219	2145
7841	7943	2249
8274	8427	2352
9238	9371	2506
10004	10119	2640
11294	11414	2756
16023	16064	2877
16266	16319	2919
16663	16804	2973
17361	17419	3115
19342	19372	3174
22673	22680	3205
0	1965	0
4613	4760	1966
4897	5016	2114
10254	10894	2234
13170	13311	2875
13577	13692	3017
15722	15840	3133
0	88	0
1092	1244	89
3238	3359	242
7470	7724	364
8319	8546	619
9400	9557	847
11468	11523	1005
13637	13867	1061
19768	19917	1292
0	88	0
1092	1244	89
3238	3359	242
7470	7724	364
8319	8546	619
9400	9557	847
11468	11523	1005
13637	13867	1061
47136	47175	1292
0	88	0
1092	1244	89
3238	3359	242
7470	7724	364
8319	8546	619
9400	9557	847
11468	11523	1005
13637	13867	1061
59014	59174	1292
0	90	0
0	84	0
0	416	0
3294	3554	417
3634	3741	678
3912	4097	786
4190	4436	972
4525	4743	1219
4826	5011	1438
5128	5729	1624
0	109	0
0	1782	0
2258	2339	1783
2529	2665	1865
2867	2902	2002
0	222	0
698	779	223
1307	1344	305
0	216	0
692	773	217
963	1099	299
1233	1306	436
0	216	0
692	773	217
963	1099	299
1202	1309	436
0	157	0
666	710	158
10181	10312	203
15002	15097	335
15742	15828	431
16411	16509	518
16869	16965	617
18343	18441	714
18943	19095	813
19732	19833	966
20600	20701	1068
21066	21144	1170
23275	23374	1249
23866	23947	1349
28091	28163	1431
29326	29499	1504
29702	29802	1678
30876	31025	1779
0	97	0
407	718	98
1478	1568	410
2230	2304	501
2794	2891	576
3368	3400	674
4090	4218	707
4508	4677	836
5073	5184	1006
5295	5390	1118
5593	5718	1214
6421	6516	1340
6985	7080	1436
7346	7498	1532
7719	7814	1685
8186	8275	1781
9495	9597	1871
10474	10631	1974
11100	11258	2132
11791	11850	2291
12681	12851	2351
13815	13901	2522
14176	14256	2609
0	62	0
1967	2143	63
2667	2797	240
2952	3120	371
0	687	0
1519	1728	688
1867	1946	898
2826	2967	978
3312	3377	1120
3452	3547	1186
3663	3791	1282
0	133	0
211	356	134
427	579	280
713	874	433
1224	1373	595
1492	1641	745
1893	2287	895
0	884	0
1212	1379	885
1547	1784	1053
2103	2493	1291
2582	2694	1682
2902	3039	1795
3272	3503	1933
3709	3841	2165
4041	4070	2298
0	56	0
2466	2554	57
5424	5635	146
6029	6872	358
8032	8118	1202
9118	9252	1289
9375	9564	1424
11767	11927	1614
12813	12942	1775
13608	13733	1905
14563	14736	2031
15034	15174	2205
15707	15841	2346
16410	16529	2481
16909	16986	2601
17101	17190	2679
17282	17286	2769
0	56	0
5424	5635	57
6029	6872	269
8032	8118	1113
9118	9252	1200
9375	9564	1335
11767	11927	1525
12813	12942	1686
13608	13733	1816
14563	14736	1942
15034	15174	2116
15707	15841	2257
16410	16529	2392
16909	16986	2512
17101	17190	2590
17282	17286	2680
0	88	0
2958	3169	89
3563	4406	301
5566	5652	1145
6652	6786	1232
6909	7098	1367
9301	9461	1557
10347	10413	1718
11142	11267	1785
12097	12270	1911
12568	12708	2085
13241	13375	2226
13944	14063	2361
14443	14520	2481
14635	15008	2559
15551	15638	2933
15855	15935	3021
16585	16707	3102
17195	17324	3225
17717	17826	3355
18355	18514	3465
18902	19089	3625
20411	20624	3813
21201	21273	4027
22119	22316	4100
23023	26758	4298
0	183	0
1667	1764	184
10466	10603	282
15383	15523	420
21965	22072	561
37525	37634	669
45036	45212	779
49092	49264	956
69158	69306	1129
73455	73544	1278
77001	77324	1368
84635	84713	1692
0	1132	0
1779	1852	1133
77344	77585	1207
82127	82317	1449
83808	83943	1640
90436	90601	1776
92656	92745	1942
0	1132	0
1779	1852	1133
77344	77445	1207
77521	77585	1309
82127	82317	1374
83808	83943	1565
90436	90601	1701
91737	91849	1867
92656	92745	1980
95225	95317	2070
0	358	0
1005	1078	359
76570	76811	433
81353	81543	675
83034	83169	866
89662	89827	1002
90963	91075	1168
91882	91971	1281
94451	96013	1371
0	196	0
843	916	197
76408	76649	271
81191	81381	513
82872	83007	704
89500	89701	840
90325	90350	1042
0	144	0
3695	3779	145
4781	4903	230
9198	9305	353
11328	11424	461
14402	14531	558
14947	15066	688
25137	25234	808
40068	40123	906
41825	41884	962
44434	44520	1022
0	144	0
4781	4903	145
9198	9305	268
11328	11424	376
14402	14531	473
14947	15066	603
25137	25234	723
40068	40123	821
41825	41884	877
44434	44682	937
0	86	0
3155	3340	87
3637	3721	273
4723	4845	358
9140	9247	481
11270	11366	589
14344	14473	686
14889	15008	816
25079	25176	936
40010	40065	1034
41767	41826	1090
44376	48750	1150
0	356	0
0	415	0
764	1187	416
0	144	0
362	548	145
85651	85883	332
88821	88999	565
89905	89982	744
90385	90451	822
91361	91522	889
93265	93670	1051
0	96	0
3111	4581	97
0	78	0
6004	8502	79
0	119	0
6979	7061	120
8920	9046	203
10946	11053	330
13643	13693	438
15665	15748	489
16176	16265	573
16805	16897	663
18099	18225	756
51502	51639	883
52431	52524	1021
61401	61468	1115
73131	73257	1183
73940	74091	1310
74740	74791	1462
75080	75160	1514
75420	75525	1595
76294	76386	1701
76565	76670	1794
77718	77809	1900
78196	78896	1992
0	119	0
8920	9046	120
10946	11053	247
13643	13693	355
15665	15748	406
16176	16265	490
16805	16897	580
18099	18225	673
51502	51639	800
52431	52524	938
61401	61468	1032
73131	73257	1100
73940	74091	1227
74740	74791	1379
75080	75160	1431
75420	75525	1512
76294	76386	1618
76565	76670	1711
77718	77809	1817
78776	78896	1909
0	119	0
6979	7061	120
8920	9046	203
10946	11053	330
13643	13693	438
15665	15748	489
16176	16265	573
16805	16897	663
18099	18225	756
51502	51639	883
52431	52524	1021
61401	61468	1115
73131	73257	1183
73940	74091	1310
74740	74791	1462
75080	75160	1514
75420	75525	1595
76294	76386	1701
76565	76670	1794
77718	77809	1900
95419	95424	1992
0	82	0
1113	2067	83
3967	4074	1038
6664	6714	1146
8686	8769	1197
9197	9286	1281
9826	9918	1371
11120	11246	1464
44523	44660	1591
45452	45545	1729
54422	54489	1823
66152	66278	1891
66961	67112	2018
67761	67812	2170
68101	68181	2222
68441	68546	2303
69315	69407	2409
69586	69691	2502
70739	70830	2608
81580	81609	2700
0	731	0
1154	1424	732
1604	1797	1003
8860	9716	1197
17388	17734	2054
0	1900	0
3380	3549	1901
4060	4146	2071
4764	4897	2158
5621	5815	2292
7343	7852	2487
9109	9542	2997
0	505	0
1985	2154	506
2665	2751	676
3369	3463	763
4226	4420	858
5948	6457	1053
7840	8171	1563
0	499	0
1979	2148	500
3363	3496	670
4220	4414	804
7834	8106	999
0	466	0
1945	2114	467
3329	3461	637
4186	4381	770
5909	6417	966
7800	8107	1475
0	288	0
1768	1937	289
2448	2534	459
3152	3285	546
4009	4071	680
4162	4203	743
5731	6240	785
0	219	0
419	578	220
4893	4992	380
5149	5360	480
5931	6075	692
6634	6742	837
8495	8640	946
8802	9050	1092
0	218	0
418	577	219
2192	2280	379
4892	4991	468
5148	5359	568
5931	6074	780
6633	6741	924
7230	7403	1033
8494	8639	1207
8801	9049	1353
0	218	0
418	577	219
2074	2280	379
4892	4991	586
5148	5359	686
5931	6074	898
6633	6741	1042
7230	7403	1151
8494	8639	1325
8801	9110	1471
0	577	0
2074	2280	578
4892	4991	785
5148	5359	885
5931	6074	1097
7230	7403	1241
8494	8639	1415
8801	9137	1561
0	215	0
415	574	216
4889	4988	376
5145	5356	476
5928	6071	688
6630	6738	832
7227	7400	941
8491	8636	1115
8798	9046	1261
0	574	0
4889	4988	575
7227	7400	675
8491	8636	849
8798	9108	995
0	186	0
386	545	187
4860	4959	347
7198	7371	447
8462	8607	621
8770	9078	767
0	210	0
7525	7594	211
9050	9124	281
10478	10617	356
0	167	0
7482	7551	168
9007	9081	238
10435	10534	313
10926	11044	413
11749	11813	532
13672	13735	597
13989	14015	661
14410	14485	688
15089	15187	764
15685	15788	863
16737	16845	967
19056	19101	1076
21275	21381	1122
21987	22102	1229
22922	23026	1345
23707	23781	1450
24747	24858	1525
25589	25687	1637
27473	27589	1736
28265	28434	1853
28713	28871	2023
29909	29975	2182
31985	32092	2249
32766	32884	2357
33310	33445	2476
34553	35554	2612
0	55	0
7370	7439	56
8895	8969	126
10323	10422	201
10814	10932	301
11637	11701	420
13560	13623	485
13877	13903	549
14298	14373	576
14977	15075	652
15573	15676	751
16625	16733	855
18944	18989	964
21163	21269	1010
21875	21990	1117
22810	22914	1233
23595	23669	1338
24086	24261	1413
